! ----------------------------------------------------------------- !
! Written by writeELCOMbathy.m on 06-Oct-2006                       !
!                                                                   !
 FILE          coorong25by73_FCR.dat
!                                                                   !
! ----------------------------------------------------------------- !
!                                                                   !
! N.B. all lines must have at least two items                       !
!                                                                   !
 'TITLE' TITLE
 'ANALYST' ANALYST
 'ORGANIZATION' ORGANIZATION
 'Created with convertXYZtoELCOMbathy.m using coorong.xyz' COMMENT
!                                                                   !
! ----------------------------------------------------------------- !
!                                                                   !
 yes overwrite files
!                                                                   !
! ----------------------------------------------------------------- !
!                                                                   !
 147 x_rows
 51 y_columns
 21 z_layers
 0 n_max
!                                                                   !
! ----------------------------------------------------------------- !
! - value used to represent land and open boundaries                !
!                                                                   !
 9999 land_value
 888.8 open_value
!                                                                   !
! ----------------------------------------------------------------- !
! - vector pointing north                                           !
!                                                                   !
 -1 north_x
 0 north_y
!                                                                   !
! ----------------------------------------------------------------- !
! - geographic position (latitude and altitude)                     !
!                                                                   !
 37.30419 latitude (degrees +north -south)
 -79.83906 longitude (degrees +east -west)
 500 altitude
!                                                                   !
! ----------------------------------------------------------------- !
! - grid spacing                                                    !
!                                                                   !
 5 x_grid
 5 y_grid
 0.5 dz
 0.5 dz
!                                                                   !
! ----------------------------------------------------------------- !
! - x increases with rows, y increases with columns                 !
BATHYMETRY DATA
9999 9999 9999 9999 9999 9999 9999 9999 9999 9999 9999 9999 9999 9999 9999 9999 9999 9999 9999 9999 9999 9999 9999 9999 9999 9999 9999 9999 9999 9999 9999 9999 9999 9999 9999 9999 9999 9999 9999 9999 9999 9999 9999 9999 9999 9999 9999 9999 9999 9999 9999
9999 9999 9999 9999 9999 9999 9999 9999 9999 9999 9999 9999 9999 9999 9999 9999 9999 9999 9999 9999 9999 9999 9999 9999 9999 9999 9999 9999 9999 9999 9999 9999 9999 9999 9999 9999 9999 9999 9999 9999 9999 9999 9999 -1.34313250447921 -1.16393386356778 -0.946533929147344 -0.574202624469336 9999 9999 9999 9999
9999 9999 9999 9999 9999 9999 9999 9999 9999 9999 9999 9999 9999 9999 9999 9999 9999 9999 9999 9999 9999 9999 9999 9999 9999 9999 9999 9999 9999 9999 9999 9999 9999 9999 9999 9999 9999 9999 9999 9999 9999 9999 -1.41367082086969 -1.53300426022915 -1.36894498609329 -1.20709491477872 -0.829283679764407 -0.304121870602287 9999 9999 9999
9999 9999 9999 9999 9999 9999 9999 9999 9999 9999 9999 9999 9999 9999 9999 9999 9999 9999 9999 9999 9999 9999 9999 9999 9999 9999 9999 9999 9999 9999 9999 9999 9999 9999 9999 9999 9999 9999 9999 9999 9999 -1.45188590386355 -1.68282200580786 -1.69549700502365 -1.55829447377136 -1.41106092600455 -1.24924161933193 -0.675377179636781 -1.16153675488631 9999 9999
9999 9999 9999 9999 9999 9999 9999 9999 9999 9999 9999 9999 9999 9999 9999 9999 9999 9999 9999 9999 9999 9999 9999 9999 9999 9999 9999 9999 9999 9999 9999 9999 9999 9999 9999 9999 9999 9999 9999 9999 -1.49010098685741 -1.65325907669775 -1.77769175393142 -1.77453891698876 -1.63793717430905 -1.47725202450457 -1.39327098682389 -1.19556123297756 -0.868542759128817 9999 9999
9999 9999 9999 9999 9999 9999 9999 9999 9999 9999 9999 9999 9999 9999 9999 9999 9999 9999 9999 9999 9999 9999 9999 9999 9999 9999 9999 9999 9999 9999 9999 9999 9999 9999 9999 9999 9999 9999 9999 -1.52831606984723 -1.6956802138678 -1.8440940383034 -1.85483209556219 -1.83163864674596 -1.71372877269138 -1.41836665442311 -1.74525959090778 -1.42535098716518 -0.8285401650286 9999 9999
9999 9999 9999 9999 9999 9999 9999 9999 9999 9999 9999 9999 9999 9999 9999 9999 9999 9999 9999 9999 9999 9999 9999 9999 9999 9999 9999 9999 9999 9999 9999 9999 9999 9999 9999 9999 9999 9999 -1.56653115284109 -1.73810135103433 -1.89069834037865 -1.92619563712566 -1.91807495784529 -1.84885701953918 -1.80799393209514 -1.89860103587872 -1.88078159147348 -1.48176093648292 -1.04190110236632 9999 9999
9999 9999 9999 9999 9999 9999 9999 9999 9999 9999 9999 9999 9999 9999 9999 9999 9999 9999 9999 9999 9999 9999 9999 9999 9999 9999 9999 9999 9999 9999 9999 9999 9999 9999 9999 9999 9999 -1.60474623581516 -1.78052248818633 -1.93311947752715 -1.97356761731884 -1.97964418020915 -1.94253191433411 -1.74562724611888 -1.93893928508381 -2.03509700716579 -1.89529317664752 -1.48227047471161 -1.0935442541457 9999 9999
9999 9999 9999 9999 9999 9999 9999 9999 9999 9999 9999 9999 9999 9999 9999 9999 9999 9999 9999 9999 9999 9999 9999 9999 9999 9999 9999 9999 9999 9999 9999 9999 9999 9999 9999 9999 -1.64296131880902 -1.81884716814161 -1.93973465939877 -1.9927927319102 -2.03659611410198 -1.98509676917187 -1.95750672089031 -1.7533039955325 -1.754810618591 -1.7526178168015 -1.86082643481435 -1.49707647141738 -1.04971121712129 9999 9999
9999 9999 9999 9999 9999 9999 9999 9999 9999 9999 9999 9999 9999 9999 9999 9999 9999 9999 9999 9999 9999 9999 9999 9999 9999 9999 9999 9999 9999 9999 9999 9999 9999 9999 9999 -1.68117640180288 -1.85706225113548 -1.94428774964161 -2.06719809390448 -2.07435135813694 -2.13522868043689 -2.17551022834644 -2.21349369383962 -1.82748501308776 -1.83390602747968 -2.05806828901655 -1.94317898481478 -1.72773667858767 -0.904820183075821 9999 9999
9999 9999 9999 9999 9999 9999 9999 9999 9999 9999 9999 9999 9999 9999 9999 9999 9999 9999 9999 9999 9999 9999 9999 9999 9999 9999 9999 9999 9999 9999 9999 9999 9999 9999 -1.72335815787647 -2.16138738251296 -2.16 -2.09883478734389 -2.15833628354915 -2.21278694932549 -2.22238057631791 -2.67449314904945 -2.18425218126397 -2.01118940136199 -2.04590051240162 -2.28562712320938 -2.00010785370024 -1.54319339174124 -0.810714471597274 9999 9999
9999 9999 9999 9999 9999 9999 9999 9999 9999 9999 9999 9999 9999 9999 9999 9999 9999 9999 9999 9999 9999 9999 9999 9999 9999 9999 9999 9999 9999 9999 9999 9999 9999 -1.81256637952625 -2.38029633639338 -2.39136261870156 -2.32879729012347 -2.45059842180712 -2.37100824288027 -2.54269466427719 -2.70729812212057 -2.3828759002824 -2.23435170451993 -2.21022961484066 -2.42670850458966 -2.46414341073282 -1.90878419759429 -1.28650315162372 -0.656888407760546 9999 9999
9999 9999 9999 9999 9999 9999 9999 9999 9999 9999 9999 9999 9999 9999 9999 9999 9999 9999 9999 9999 9999 9999 9999 9999 9999 9999 9999 9999 9999 9999 9999 9999 -1.50491823850303 -2.13657920376814 -2.49256183604556 -2.46751197188304 -2.5130562005032 -2.59463170538998 -2.51 -2.87977586048834 -2.45555448622722 -2.38535005670801 -2.30316247540003 -2.43827075265841 -2.28185054773714 -2.12576877316192 -1.82197001151258 9999 9999 9999 9999
9999 9999 9999 9999 9999 9999 9999 9999 9999 9999 9999 9999 9999 9999 9999 9999 9999 9999 9999 9999 9999 9999 9999 9999 9999 9999 9999 9999 9999 9999 9999 9999 -1.81782878827537 -2.46129508880791 -2.53127550628709 -2.59105834335003 -2.65599002634848 -2.63810860319225 -2.6681168886315 -2.78205604186416 -2.50177522877669 -2.77934829059294 -2.3742847740395 -2.28177395961605 -2.29078130782586 -2.08879107235483 -1.53811167625018 9999 9999 9999 9999
9999 9999 9999 9999 9999 9999 9999 9999 9999 9999 9999 9999 9999 9999 9999 9999 9999 9999 9999 9999 9999 9999 9999 9999 9999 9999 9999 9999 9999 9999 9999 -1.60520301625118 -2.15362802274848 -2.57304078779694 -2.60384949131116 -2.65417344625227 -2.70936434750433 -2.69796513297017 -2.81716519140078 -2.59914427559229 -2.5412780892806 -2.86074343861613 -2.42178368797003 -2.42308913848315 -2.21663526646116 -1.91986856609007 -1.47986508436951 9999 9999 9999 9999
9999 9999 9999 9999 9999 9999 9999 9999 9999 9999 9999 9999 9999 9999 9999 9999 9999 9999 9999 9999 9999 9999 9999 9999 9999 9999 9999 9999 9999 9999 -1.36636387602867 -1.79662075558901 -2.25375557342756 -2.51 -2.79007282547612 -2.77229665757155 -2.73707157576983 -2.73279384228612 -2.69956456924468 -2.62967451509959 -2.89187684496541 -2.77807846468105 -2.52340067867856 -2.47618982355825 -2.24455178809369 -1.47890846477021 -1.33224851476513 9999 9999 9999 9999
9999 9999 9999 9999 9999 9999 9999 9999 9999 9999 9999 9999 9999 9999 9999 9999 9999 9999 9999 9999 9999 9999 9999 9999 9999 9999 9999 9999 9999 9999 -1.60010828868743 -2.03114666902913 -2.52484481114122 -2.55446357172756 -2.71201948188639 -2.83207790225068 -2.79109221114327 -3.25789260201573 -2.65710332294069 -2.74812915695608 -2.99341086651927 -2.6964437033711 -2.595641565749 -2.46 -1.84987220695684 9999 9999 9999 9999 9999 9999
9999 9999 9999 9999 9999 9999 9999 9999 9999 9999 9999 9999 9999 9999 9999 9999 9999 9999 9999 9999 9999 9999 9999 9999 9999 9999 9999 9999 9999 -1.52035655843227 -1.96601221534775 -2.38142415264216 -2.64928086897076 -2.71729492322997 -2.75926127550567 -2.81532353200625 -3.13039938218422 -2.85749554239304 -2.72 -2.67531119050779 -2.95688164161218 -2.721980595707 -2.57931231049537 -2.19667579350425 -1.57704734363641 9999 9999 9999 9999 9999 9999
9999 9999 9999 9999 9999 9999 9999 9999 9999 9999 9999 9999 9999 9999 9999 9999 9999 9999 9999 9999 9999 9999 9999 9999 9999 9999 9999 9999 -1.20136023453891 -1.74180179382464 -2.42359612170849 -2.76098615978906 -2.87488763902292 -2.89957275878234 -2.9208175951352 -2.88436519605964 -2.97198611809214 -2.82125942420042 -2.77770193522356 -2.70988592014465 -2.81388338916569 -2.80044179224774 -2.6017823169388 -1.80683501881395 -1.70525016451842 9999 9999 9999 9999 9999 9999
9999 9999 9999 9999 9999 9999 9999 9999 9999 9999 9999 9999 9999 9999 9999 9999 9999 9999 9999 9999 9999 9999 9999 9999 9999 9999 9999 9999 -1.57652814177393 -2.13080918621004 -2.68045574819694 -2.8435693358636 -2.96242267930035 -2.99509298183571 -3.07417562227339 -3.11606854851204 -2.9194211333263 -2.86333123057829 -2.79646016406928 -2.8075817963666 -2.75699557431249 -2.85989122100932 -2.52028600918469 -1.71169652888554 -1.57897983727704 9999 9999 9999 9999 9999 9999
9999 9999 9999 9999 9999 9999 9999 9999 9999 9999 9999 9999 9999 9999 9999 9999 9999 9999 9999 9999 9999 9999 9999 9999 9999 9999 9999 -1.24806675776312 -1.8845104448968 -2.33792377751796 -2.7514109961423 -2.93006144442321 -3.00243938655678 -3.03465813770413 -3.00860200090979 -3.05166708964254 -2.94691820771492 -2.85520060362118 -2.87400339208422 -2.88628317346659 -2.8437893383599 -2.82704440104496 -2.26504266747341 -1.80484888620112 -1.45270951002398 9999 9999 9999 9999 9999 9999
9999 9999 9999 9999 9999 9999 9999 9999 9999 9999 9999 9999 9999 9999 9999 9999 9999 9999 9999 9999 9999 9999 9999 9999 9999 9999 9999 -1.61195871558514 -2.07006934847867 -2.58152416918857 -2.86920669782767 -2.93313651575838 -3.01428344860216 -3.09148223007276 -3.16248900060177 -3.03346499207482 -2.98539547748547 -2.91 -2.84564491812292 -2.88412866858242 -2.8706600387698 -2.8181099295819 -2.14512049774453 -1.91034722499431 -1.32643918277092 9999 9999 9999 9999 9999 9999
9999 9999 9999 9999 9999 9999 9999 9999 9999 9999 9999 9999 9999 9999 9999 9999 9999 9999 9999 9999 9999 9999 9999 9999 9999 9999 -1.48027044276535 -1.90742634367127 -2.38396726566029 -2.6792524995543 -2.9378151151429 -3.04614415949006 -3.04047251617389 -3.12948878524941 -3.44453284511443 -3.045447751172 -3.03841893994754 -2.99276235633384 -2.90371176130734 -3.02993604844155 -2.91669423085127 -2.66382820342904 -2.15020285883055 -1.78407689774125 9999 9999 9999 9999 9999 9999 9999
9999 9999 9999 9999 9999 9999 9999 9999 9999 9999 9999 9999 9999 9999 9999 9999 9999 9999 9999 9999 9999 9999 9999 9999 9999 9999 -1.84138270486905 -2.25294805827634 -2.66317400461974 -2.81930728842171 -3.04260023346227 -3.10266245135954 -3.09317709269144 -3.68455839678144 -3.13885284218396 -3.10195628889072 -3.09124877357673 -3.06726722396094 -3.0120124537049 -2.99546601127628 -2.85754009483745 -2.5 -2.22106522846911 -1.65780657048819 9999 9999 9999 9999 9999 9999 9999
9999 9999 9999 9999 9999 9999 9999 9999 9999 9999 9999 9999 9999 9999 9999 9999 9999 9999 9999 9999 9999 9999 9999 9999 9999 -1.60866672633877 -2.09562172747172 -2.52546621374244 -2.74857094953754 -2.95294872471616 -3.07470043674387 -3.22805909871682 -3.14546782001195 -3.83227610154527 -3.40471972719246 -3.68984447602205 -3.07955989208279 -3.49405470601408 -3.12967502372325 -2.97900935635015 -2.73074976524733 -2.43735420563233 -2.13433967300529 -1.53153624323513 9999 9999 9999 9999 9999 9999 9999
9999 9999 9999 9999 9999 9999 9999 9999 9999 9999 9999 9999 9999 9999 9999 9999 9999 9999 9999 9999 9999 9999 9999 9999 9999 -1.7664123738622 -2.26340084894842 -2.65308962959836 -2.85586947903942 -3.06617001545024 -3.14389569725116 -3.13437841792212 -3.08658752617433 -3.32723848637625 -3.79781024920563 -3.07812267725161 -2.9956313212919 -2.98331859033593 -2.92565246430586 -2.69095036588246 -2.60811022603184 -2.39313591483784 -2.00854942405197 -1.40526591598207 9999 9999 9999 9999 9999 9999 9999
9999 9999 9999 9999 9999 9999 9999 9999 9999 9999 9999 9999 9999 9999 9999 9999 9999 9999 9999 9999 9999 9999 9999 9999 9999 -1.91530706770031 -2.41860027423852 -2.64424292931834 -3.03482985513445 -3.22637651084471 -3.27393138717716 -3.18239899196367 -3.22857640776017 -3.35354039281226 -3.24254277255367 -3.021787653218 -2.9738337412771 -2.88571630476278 -2.88406271493359 -2.78755369638943 -2.55823750944836 -2.26 -1.88275917509865 -1.27899558872901 9999 9999 9999 9999 9999 9999 9999
9999 9999 9999 9999 9999 9999 9999 9999 9999 9999 9999 9999 9999 9999 9999 9999 9999 9999 9999 9999 9999 9999 9999 9999 -1.34705003867043 -1.95784246925039 -2.44912318355039 -2.84098095408368 -3.09575732787035 -3.29603576146738 -3.29429821205697 -3.27316964129418 -3.24350912251638 -3.71381878732909 -3.01458608236385 -2.90268438348879 -2.92774077306444 -2.79001051384217 -2.83704411943434 -2.79217067527853 -2.49704393479399 -2.19980919360546 -1.75696892614533 -1.15272526147595 -0.777000111075278 9999 9999 9999 9999 9999 9999
9999 9999 9999 9999 9999 9999 9999 9999 9999 9999 9999 9999 9999 9999 9999 9999 9999 9999 9999 9999 9999 9999 9999 9999 -1.36612437110291 -1.97808823823811 -2.42538780876363 -3.00524576677712 -3.1659131159877 -3.30359003229288 -3.34794247555861 -3.31123485579135 -3.6893438851727 -3.97044760677533 -3.14057099936421 -3.03418031705838 -2.91273919009413 -2.76 -2.79355080911355 -2.58371186546217 -2.30571752398292 -2.10924910389327 -1.63117867719202 -1.02645493422289 -0.62317404723855 9999 9999 9999 9999 9999 9999
9999 9999 9999 9999 9999 9999 9999 9999 9999 9999 9999 9999 9999 9999 9999 9999 9999 9999 9999 9999 9999 9999 9999 9999 -1.6935484589889 -2.30833014461694 -2.72385737359904 -3.05869889132375 -3.27459970077852 -3.35521766748911 -3.40372011245383 -3.66918161853451 -3.93578771501896 -3.31303784281483 -3.13915660851487 -3.04543784025303 -2.97625519993892 -2.67759574956576 -2.76664852235148 -2.27471095275906 -1.96852402193668 -1.95458466551473 -1.5053884282387 -0.900184606969832 -0.469347983401822 9999 9999 9999 9999 9999 9999
9999 9999 9999 9999 9999 9999 9999 9999 9999 9999 9999 9999 9999 9999 9999 9999 9999 9999 9999 9999 9999 9999 9999 -1.01251797520967 -1.96363875663616 -2.18608600881606 -2.6579983818636 -3.08982685006774 -3.35802881411325 -3.51543322773579 -3.57780320086883 -3.49739045269602 -3.37847929822834 -3.50185418691021 -3.14032658368061 -3.02135843496834 -2.97154821838374 -2.80343263934969 -2.60451482782736 -2.17815876266389 -1.88190509429287 -1.81705119110862 -1.37959817928538 -0.773914279716771 -0.315521919565094 9999 9999 9999 9999 9999 9999
9999 9999 9999 9999 9999 9999 9999 9999 9999 9999 9999 9999 9999 9999 9999 9999 9999 9999 9999 9999 9999 9999 9999 -1.44854606276096 -1.92376564999567 -2.2211136796691 -2.5667985496965 -2.91732996231685 -3.17099830691401 -3.39629025572323 -3.81516611069732 -3.43716243824647 -3.31434408204965 -3.72544226792586 -3.69883705705133 -3.58743890882291 -3.33115658319776 -2.66752135414101 -2.71774880661832 -2.26152364108288 -1.78203000683837 -1.72340825706099 -1.25380793034369 -0.64764395247539 9999 9999 9999 9999 9999 9999 9999
9999 9999 9999 9999 9999 9999 9999 9999 9999 9999 9999 9999 9999 9999 9999 9999 9999 9999 9999 9999 9999 9999 9999 -1.48694945416587 -2.03136054710758 -2.31519724775289 -2.65328806152533 -2.89038815747569 -3.02627902773591 -3.14961651465735 -3.27357427203401 -4.07475585624577 -3.87136470756324 -3.21883055386852 -3.13035138338519 -2.71700108817504 -3.16671153993986 -2.6843209212597 -2.46450317783721 -2.0935286192558 -1.69927615456716 -1.62154892481952 -1.12801768139038 -0.550069254057345 9999 9999 9999 9999 9999 9999 9999
9999 9999 9999 9999 9999 9999 9999 9999 9999 9999 9999 9999 9999 9999 9999 9999 9999 9999 9999 9999 9999 9999 -0.988244907204335 -1.61562534544533 -2.20550601458263 -2.62985115076042 -2.97631941538359 -3.12579269630846 -3.22725544662891 -3.1856903881546 -3.22566058113654 -3.26450027655692 -3.61212788244149 -3.40277557604843 -2.96122027247605 -2.43949080139759 -2.87146188524979 -2.84375846593622 -2.12754946321135 -1.68806715010607 -1.5480000586498 -1.51968959257804 -1.00222743243706 -0.49182266217667 9999 9999 9999 9999 9999 9999 9999
9999 9999 9999 9999 9999 9999 9999 9999 9999 9999 9999 9999 9999 9999 9999 9999 9999 9999 9999 9999 9999 9999 -1.4116005765059 -2.11659977080586 -2.6860964372565 -2.98280745375912 -3.14650935684069 -3.41450782405073 -3.54514714555685 -3.37427225157416 -3.38685789877069 -3.29619785657477 -3.6569401602895 -3.70566637237534 -2.96322091247829 -2.70660260451864 -2.3568158687092 -2.12791752505961 -1.93395088047134 -1.66157898999737 -1.56837898119093 -1.41783026033656 -0.87431202447817 -0.345549845400737 9999 9999 9999 9999 9999 9999 9999
9999 9999 9999 9999 9999 9999 9999 9999 9999 9999 9999 9999 9999 9999 9999 9999 9999 9999 9999 9999 9999 9999 -1.73138276000946 -2.56809458310983 -2.89804259352136 -3.16375953530698 -3.25050523479486 -3.50442599690695 -3.48676176812603 -3.56374261876896 -3.49794463933933 -3.27588451179607 -4.09811323098707 -3.21158503752581 -2.9881123940998 -2.70407934162951 -2.37671079065626 -1.99086455959401 -1.76928764321334 -1.70640613217296 -1.53975145516738 -1.31597092809509 -0.740042969446079 -0.222964195256847 9999 9999 9999 9999 9999 9999 9999
9999 9999 9999 9999 9999 9999 9999 9999 9999 9999 9999 9999 9999 9999 9999 9999 9999 9999 9999 9999 9999 9999 -2.05849374532138 -2.86604091470026 -3.06657504390853 -3.25560366607441 -3.36864553121889 -3.55214521819526 -3.52175952284043 -3.76095664097468 -3.82782923194607 -3.74745753865215 -3.90163676192281 -3.36597909394231 -2.971213443494 -2.43291612390284 -2.15709413097403 -1.96331688096498 -1.7881691139644 -1.57896606603648 -1.36976301810375 -1.16365111400917 -0.605773914413987 -0.256121056905929 -0.276222145285197 9999 9999 9999 9999 9999 9999
9999 9999 9999 9999 9999 9999 9999 9999 9999 9999 9999 9999 9999 9999 9999 9999 9999 9999 9999 9999 9999 9999 -2.14805477318519 -2.80836184410316 -3.28846742547206 -3.45282134810707 -3.4736188390198 -3.67039359928272 -3.64 -3.73199307935671 -3.60647868821495 -4.1021533557646 -3.53014490300694 -3.32018136161989 -3.01510879028804 -2.61766498103743 -2.13813773421622 -1.85057668011442 -1.59991098352835 -1.34945503781913 -1.0734791791564 -0.867561672697994 -0.471504859381895 -0.256469026149948 -0.276570114529217 9999 9999 9999 9999 9999 9999
9999 9999 9999 9999 9999 9999 9999 9999 9999 9999 9999 9999 9999 9999 9999 9999 9999 9999 9999 9999 9999 -1.55598329199108 -2.32276010745352 -3.03 -3.41676831047717 -3.60283840563335 -3.75423594536707 -3.76537300606023 -3.75490384652953 -4.0347526627393 -3.9016533730758 -3.96983631769644 -3.42509654440425 -3.19266624849167 -2.98198928348944 -2.46901279161242 -1.99200469553534 -1.53704306390562 -1.4588953944528 -1.35334061240127 -1.12648082485726 -0.899621037318459 -0.339960254144121 -0.256816995393968 -0.276918083773236 9999 9999 9999 9999 9999 9999
9999 9999 9999 9999 9999 9999 9999 9999 9999 9999 9999 9999 9999 9999 9999 9999 9999 9999 9999 9999 9999 -1.70021954071395 -2.7182694504848 -3.21888288532902 -3.58996175772798 -3.69607060151041 -3.7290004730785 -3.77184724255698 -3.79740029550774 -3.93602272513413 -3.87100849260797 -4.20797662787324 -3.44483481989735 -3.26143473435304 -3.07434042827702 -2.66606750002021 -2.18053609198893 -1.83911955209933 -1.61225976456053 -1.38539997702174 -1.15854018947772 -0.877970167051918 -0.248044102626348 -0.257164964637987 -0.277266053017255 9999 9999 9999 9999 9999 9999
9999 9999 9999 9999 9999 9999 9999 9999 9999 9999 9999 9999 9999 9999 9999 9999 9999 9999 9999 9999 9999 -2.00669779467067 -2.73980460863439 -3.19346265364617 -3.72304920752684 -3.7047081610478 -3.87682077641043 -3.81612834517274 -4.02132283763853 -4.14037929065541 -3.75890069586755 -3.60514008939541 -3.50128656956846 -3.28833396009761 -2.96329499385519 -2.71586182455133 -2.49870983392594 -2.10892037843363 -1.79470869815788 -1.48049701788212 -1.19059955409819 -0.837376079144041 -0.313760680534737 -0.257512933882006 -0.277614022261275 9999 9999 9999 9999 9999 9999
9999 9999 9999 9999 9999 9999 9999 9999 9999 9999 9999 9999 9999 9999 9999 9999 9999 9999 9999 9999 9999 -2.08078768417593 -3.01230514099399 -3.50922518736074 -3.82566073678297 -3.86899189197744 -3.93022142384232 -3.86942100796701 -4.10703968628719 -3.86751105930029 -3.72464777239322 -3.66330416069129 -3.35410031613769 -3.24109756283002 -3.12201914181103 -2.85809469897696 -2.80652520261166 -2.20612415767098 -1.75993713672015 -1.56614193981607 -1.38608649707914 -1.07371342048653 -0.356152660707825 -0.257860903126026 9999 9999 9999 9999 9999 9999 9999
9999 9999 9999 9999 9999 9999 9999 9999 9999 9999 9999 9999 9999 9999 9999 9999 9999 9999 9999 9999 -1.41978425178279 -2.33446080032288 -3.41689595364425 -3.81552939444905 -3.88880540492548 -4.01327632133876 -3.98133962100126 -3.92519739725628 -4.21856008259394 -3.86796389031914 -3.78550049041816 -3.71803803477057 -3.45468793204107 -3.2258837214491 -3.142316717794 -3.01728885287597 -2.97587702421114 -2.38073846517061 -2.07905945910163 -1.87219619020057 -1.65557355956447 -1.17759555338819 -0.398544640880912 -0.258208872370045 9999 9999 9999 9999 9999 9999 9999
9999 9999 9999 9999 9999 9999 9999 9999 9999 9999 9999 9999 9999 9999 9999 9999 9999 9999 9999 9999 -1.59435423320486 -2.78166526054039 -3.59430885996157 -4.08097825056049 -4.0541640046991 -4.07 -4.05183069496089 -3.98618106866145 -4.3056491549967 -3.97172387048153 -3.92813721573168 -3.79947315983461 -3.37702524827471 -3.28759379959507 -3.20255104182078 -3.0593808995723 -2.72192865504582 -2.46250942256135 -2.21782007555458 -2.06320761919624 -1.82176809084672 -0.814310395416338 -0.440936621050079 -0.258556841614033 9999 9999 9999 9999 9999 9999 9999
9999 9999 9999 9999 9999 9999 9999 9999 9999 9999 9999 9999 9999 9999 9999 9999 9999 9999 9999 -1.19133874537183 -1.99517396679418 -2.75372340937408 -3.58853346857732 -4.09509539428684 -4.14255946660034 -4.11212892168866 -4.08143143924956 -4.08211814143924 -4.00959983650668 -3.98902175257802 -3.89417533548014 -3.82484744434068 -3.63795688964078 -3.4635609129883 -3.26506579707982 -3.16599110528787 -3.02604174660043 -2.91898736990803 -2.59162482028139 -2.37595550872257 -2.01363002530265 -0.857780488113493 -0.483328601223167 9999 9999 9999 9999 9999 9999 9999 9999
9999 9999 9999 9999 9999 9999 9999 9999 9999 9999 9999 9999 9999 9999 9999 9999 9999 9999 -1.38349440764486 -1.80405314907498 -2.33158213973298 -2.85687122850035 -3.4979816110237 -4.15649037478457 -4.20674943612662 -4.40812795611611 -4.44722712473253 -4.02869525649613 -3.95778737147842 -3.92206478749947 -3.8531388603044 -3.7855909493281 -3.66517778566132 -3.53906575354976 -3.33314909545488 -3.27263071976634 -2.9543032979339 -2.85468201549527 -2.75806503969864 -2.52380479957232 -1.56731846985534 -0.90017246828658 -0.525720581396254 9999 9999 9999 9999 9999 9999 9999 9999
9999 9999 9999 9999 9999 9999 9999 9999 9999 9999 9999 9999 9999 9999 9999 9999 9999 -1.41181074897652 -1.84646977953437 -2.03700227496132 -2.5659896898693 -2.88765757649621 -3.8267826536375 -4.18822148836076 -4.30230222431108 -4.35185768262264 -4.17504039985195 -4.13176292273158 -4.04061110234667 -3.95086862584898 -3.85 -3.81011580562472 -3.75784142785777 -3.69544250839968 -3.65611876945187 -3.31193546918367 -2.96080622851884 -2.89024986433872 -2.75200179769664 -2.31802932178045 -1.04802851838134 -0.942564448459668 -0.568112561569342 9999 9999 9999 9999 9999 9999 9999 9999
9999 9999 9999 9999 9999 9999 9999 9999 9999 9999 9999 9999 9999 9999 9999 9999 -1.66769048226696 -1.91929879793373 -2.12537708343548 -2.27783421200764 -2.74104183426631 -3.20988462674607 -3.79964698105424 -4.50128446529376 -4.26368222611775 -4.22537711091828 -4.20592978705819 -4.18221944921792 -4.09239531764185 -4.06633513403374 -3.99150790671524 -3.88282024490094 -3.89320337746593 -3.98328141758818 -3.62036242022112 -3.1518921642765 -3.00758774256219 -2.97885053570268 -2.66838051219605 -1.74309639315838 -1.03465659075215 -0.984956428632755 9999 9999 9999 9999 9999 9999 9999 9999 9999
9999 9999 9999 9999 9999 9999 9999 9999 9999 9999 9999 9999 9999 9999 9999 -1.5033665581354 -1.93335038557768 -2.10716854827769 -2.35846771836124 -2.448902014999 -2.798300832816 -3.36092597637427 -3.83812547185576 -4.53423220919047 -4.26213833508691 -4.29 -4.24101329572099 -4.17409343790745 -4.18861788104308 -4.10950031759092 -4.08793106990444 -4.02885122317641 -4.04808583966637 -4.01573277103829 -3.39046770933336 -3.11419747740828 -3.15659593143499 -2.96292351049424 -2.42529864335455 -1.18818330727911 -1.02128466312297 -1.02734840880584 9999 9999 9999 9999 9999 9999 9999 9999 9999
9999 9999 9999 9999 9999 9999 9999 9999 9999 9999 9999 9999 9999 9999 9999 -1.58897824234378 -2.16396089506158 -2.34526158651005 -2.51949108208008 -2.72399470480647 -2.91520453583651 -3.376229358368 -3.84765126870741 -4.21302208609429 -4.50703089873666 -4.31 -4.34351915599185 -4.28113524827835 -4.23816739874174 -4.22558369150248 -4.20923818670528 -4.16198753173785 -4.08600469512919 -4.06057131284198 -3.94643581642726 -3.55786931023917 -3.16365221331569 -2.81957278631931 -1.94277455440048 -0.977783112238027 -1.00791273549378 -1.03804235874884 9999 9999 9999 9999 9999 9999 9999 9999 9999
9999 9999 9999 9999 9999 9999 9999 9999 9999 9999 9999 9999 9999 9999 -1.69618593904141 -1.87678038834375 -2.38552461448858 -2.48611764317593 -2.88073416784264 -2.92929941411723 -3.13436376939858 -3.37195112373855 -3.85767345816732 -4.1460584155827 -5.03426864049555 -4.38 -4.36101887404631 -4.31051866646333 -4.3 -4.34 -4.26158781924246 -4.19344725942893 -4.32613160997041 -4.26296019253772 -4.2883088236721 -3.47575085185028 -3.05726348934847 -2.54724521167004 -1.39661226052491 -0.964411184608842 -0.994540807864594 9999 9999 9999 9999 9999 9999 9999 9999 9999 9999
9999 9999 9999 9999 9999 9999 9999 9999 9999 9999 9999 9999 9999 9999 -2.37238040188773 -2.08811895654606 -2.41489999364781 -2.73377012847931 -2.95567078077644 -3.17103033085857 -3.33805884312822 -3.55648610373924 -4.02273077792893 -4.20431493987125 -4.80488948758348 -4.41933140096574 -4.3964503663888 -4.39966024087532 -4.36811656077658 -4.37643927351287 -4.34020874377352 -4.38133959911862 -4.376028382055 -4.4829611450277 -4.33834533006942 -3.36834280613178 -2.90276298150462 -2.12124665982798 -0.920909633724597 -0.951039256979656 -0.981168880235408 9999 9999 9999 9999 9999 9999 9999 9999 9999 9999
9999 9999 9999 9999 9999 9999 9999 9999 9999 9999 9999 9999 9999 9999 -1.86042423462539 -2.57357279327978 -2.48859478310155 -2.96667990689135 -3.25203403581634 -3.41111940836205 -3.38965766733771 -3.50492096095126 -3.96034016410737 -4.30899382688562 -4.3644187114024 -4.50556279696784 -4.41397402594964 -4.44126676701502 -4.38574444834418 -4.50310720864235 -4.40081476229586 -4.59558880666107 -4.53935672323183 -4.49199830377148 -3.85465939596483 -2.97948939506571 -2.70803353952555 -1.71529235334304 9999 9999 9999 9999 9999 9999 9999 9999 9999 9999 9999 9999 9999
9999 9999 9999 9999 9999 9999 9999 9999 9999 9999 9999 9999 9999 9999 -1.71005937278821 -2.42458896286459 -3.10492839508981 -3.36011676903135 -3.62944121180707 -3.98295045717014 -3.6351775933343 -3.80812080115449 -4.1149894272086 -4.3027382032851 -4.37490054787157 -4.99644976741592 -4.43232073965608 -4.39992432416951 -4.44793820196574 -4.53610174774687 -4.5370266221754 -4.62489744630437 -4.62388470657881 -4.57711827179204 -3.63065944251339 -2.6187285213017 -1.95922095321454 9999 9999 9999 9999 9999 9999 9999 9999 9999 9999 9999 9999 9999 9999
9999 9999 9999 9999 9999 9999 9999 9999 9999 9999 9999 9999 9999 9999 -1.57944397706623 -2.37903529517019 -2.8218175942626 -3.10728884926533 -3.04628324361497 -3.80301163516463 -4.19914885649129 -4.43596106519638 -4.61733863386127 -4.52020593257806 -4.43393353251485 -4.55036208673769 -5.14769986493992 -4.44484640762177 -4.43199379828861 -4.48619851971753 -4.70126683129961 -4.69951956534736 -4.63009680653191 -4.5265248914216 -3.53732957495647 -2.39993224141431 -1.31904647886536 9999 9999 9999 9999 9999 9999 9999 9999 9999 9999 9999 9999 9999 9999
9999 9999 9999 9999 9999 9999 9999 9999 9999 9999 9999 9999 9999 9999 -1.39797064035956 -2.21173336080856 -2.60845404200066 -3.05988944985707 -3.48825309476512 -3.61742761755863 -4.02545606450666 -4.2 -4.27400121857626 -4.33348388718931 -4.39706877076988 -4.50412499644896 -5.09693557713474 -4.49275232851477 -4.65136179684098 -4.51563792209257 -4.72505391505275 -4.73492602255305 -4.65335623076778 -4.32642152368297 -3.23807893691427 -2.0635207883849 -1.07312018898489 9999 9999 9999 9999 9999 9999 9999 9999 9999 9999 9999 9999 9999 9999
9999 9999 9999 9999 9999 9999 9999 9999 9999 9999 9999 9999 9999 9999 -1.34614807766917 -2.02645330231888 -2.76097389511011 -3.19347093636582 -3.74430486058455 -3.96161077142502 -4.11276371566408 -4.22296715912399 -4.3194572850761 -4.40759808124506 -4.47011696640623 -4.53938301752519 -4.59456940995579 -5.33956374127128 -4.68301780109439 -4.57777375846268 -4.77 -4.76606613747276 -4.74628766388249 -4.14843399705641 -3.06889906781058 -1.8385674691937 -1.11996862416838 9999 9999 9999 9999 9999 9999 9999 9999 9999 9999 9999 9999 9999 9999
9999 9999 9999 9999 9999 9999 9999 9999 9999 9999 9999 9999 9999 9999 -1.42229985985704 -1.87233989859109 -2.78553653478603 -3.29037410774714 -3.81563692343037 -3.9755913292349 -4.13134824037056 -4.19403913790759 -4.32814602982586 -4.40431721308889 -4.53325618784151 -4.55233322073311 -4.57601088274533 -5.37111769731235 -4.70342314936241 -4.70520215490811 -4.7795706723312 -4.78697098673942 -4.73059605455635 -3.88627022669061 -2.8290082493665 -1.79689417704879 -1.11395269258622 9999 9999 9999 9999 9999 9999 9999 9999 9999 9999 9999 9999 9999 9999
9999 9999 9999 9999 9999 9999 9999 9999 9999 9999 9999 9999 9999 9999 -1.49845164204491 -2.0815650423636 -3.03443094783663 -3.65280252152739 -3.94670518825174 -3.97831394635368 -4.09107533536215 -4.30465753923296 -4.36700261860334 -4.46345903189154 -4.55611353470196 -4.6594038489223 -4.83892496086625 -5.4955710173218 -4.71126660853219 -4.78811370900487 -4.85809983919527 -4.81542074436755 -4.67311521474135 -3.68309622803541 -2.69629522717227 -1.65492274002787 -1.12557552472111 9999 9999 9999 9999 9999 9999 9999 9999 9999 9999 9999 9999 9999 9999
9999 9999 9999 9999 9999 9999 9999 9999 9999 9999 9999 9999 9999 9999 -1.57460342423278 -2.31705809430139 -2.9208084221239 -3.49077085809105 -3.96416758706633 -4.09396100817988 -4.15148422501687 -4.31978138504459 -4.3974919204198 -4.46054255043605 -4.5847448315182 -4.66247277081106 -4.81185013367513 -5.049656879615 -4.71048963383754 -4.84210364563779 -4.84643746057235 -4.80910458854948 -4.61574552705432 -3.22992048187829 -2.17073011331759 -1.38381188431701 -1.13719835685599 9999 9999 9999 9999 9999 9999 9999 9999 9999 9999 9999 9999 9999 9999
9999 9999 9999 9999 9999 9999 9999 9999 9999 9999 9999 9999 9999 9999 9999 -2.8154352031069 -3.25165551129998 -3.74558854084247 -4.04451458803718 -4.03378064419119 -4.21630380725377 -4.47679655116572 -4.49747457706137 -4.57008418936597 -4.65580538466083 -4.71255062095433 -5.58838154877942 -4.75283872860953 -4.72704923553796 -4.89923528355738 -4.96797393933876 -4.7868546272608 -4.17813501033557 -2.72638274496784 -1.60930118734778 -1.02702555231983 -1.14882118899088 -1.05618209779314 9999 9999 9999 9999 9999 9999 9999 9999 9999 9999 9999 9999 9999
9999 9999 9999 9999 9999 9999 9999 9999 9999 9999 9999 9999 9999 9999 -1.94719718161013 -3.12442205729191 -3.73150614454079 -4.05 -4.11503930933315 -4.21511945832891 -4.35146431112792 -4.55865275457958 -4.66450672443881 -4.68075304413032 -4.6854839020604 -4.78884460654159 -5.37185711768595 -4.80463870067874 -4.71062314190455 -4.97493739694209 -4.94495776798662 -4.56188167779487 -3.18668014973574 -2.01059103813635 -1.12288013099109 -0.975428608123701 -1.16044402112576 9999 9999 9999 9999 9999 9999 9999 9999 9999 9999 9999 9999 9999 9999
9999 9999 9999 9999 9999 9999 9999 9999 9999 9999 9999 9999 9999 9999 -3.26718704778005 -3.63991526534513 -4.01667984684884 -4.10599528091922 -4.1649017375213 -4.3239401328793 -4.47956178265402 -4.67418217001283 -4.71188163876739 -4.76529336296056 -4.8224671914502 -4.91697909149176 -4.80346041232741 -4.69196489754325 -4.79364869977033 -5.00663175709504 -4.37971408932336 -3.56562357256207 -2.01351303237085 -1.2005229876088 -0.987659503609811 -0.889710640550541 9999 9999 9999 9999 9999 9999 9999 9999 9999 9999 9999 9999 9999 9999 9999
9999 9999 9999 9999 9999 9999 9999 9999 9999 9999 9999 9999 9999 -1.43345782156171 -3.57321170192536 -3.99350085439688 -4.23876748064593 -4.27562197682389 -4.21507279209791 -4.43924948549071 -4.58780072697486 -4.72843226413905 -4.7962066296186 -4.90359981257164 -5.01734616396824 -5.63223720015265 -4.81647931205355 -4.93147114199325 -4.85732199432086 -4.05739784710229 -2.8275857807494 -1.84325314819256 -1.18352442575185 -1.0247123509508 -0.988675118663266 9999 9999 9999 9999 9999 9999 9999 9999 9999 9999 9999 9999 9999 9999 9999 9999
9999 9999 9999 9999 9999 9999 9999 9999 9999 9999 9999 9999 9999 -1.51020529591241 -3.75917777625572 -4.20419151268242 -4.39138430466752 -4.4794166372024 -4.36182575098416 -4.50678675108226 -4.72313059339568 -4.70211655562354 -4.80716093077773 -4.93396692336714 -5.37826987288071 -5.3747015848642 -5.26236369303361 -4.89222803194875 -4.69259419667247 -3.31368896055685 -1.7796988952147 -1.05135668131077 -0.95597880954336 -1.02572796600425 -0.989690733716721 9999 9999 9999 9999 9999 9999 9999 9999 9999 9999 9999 9999 9999 9999 9999 9999
9999 9999 9999 9999 9999 9999 9999 9999 9999 9999 9999 9999 9999 -1.72591588273518 -3.35634495715724 -4.324727796861 -4.56627600564163 -4.57274470361442 -4.45255203208468 -4.46758306339129 -4.58771951716985 -4.69426479721469 -4.80740227700906 -4.99140162491088 -5.54699693634339 -5.36112875084667 -4.89622653308048 -4.92408985318691 -4.4147635816127 -2.30495905888565 -0.754836344509317 -0.808176642956658 -0.925420849903888 -1.02666449284475 9999 9999 9999 9999 9999 9999 9999 9999 9999 9999 9999 9999 9999 9999 9999 9999 9999
9999 9999 9999 9999 9999 9999 9999 9999 9999 9999 9999 9999 9999 -1.91454267686868 -3.7914622762626 -4.42886505651578 -4.72185713665017 -4.70746259345524 -4.58984845717573 -4.57070422923218 -4.5992952343627 -4.85569243076173 -4.76524335443587 -5.62496643093738 -5.50120029514661 -4.91715210221658 -4.94726147888027 -4.85132598975793 -3.5243364510352 -1.08094975722472 -0.68 -0.79361924732588 -0.894862890264416 9999 9999 9999 9999 9999 9999 9999 9999 9999 9999 9999 9999 9999 9999 9999 9999 9999 9999
9999 9999 9999 9999 9999 9999 9999 9999 9999 9999 9999 9999 9999 -1.98707276056266 -3.90816866581796 -4.49547705920527 -4.79114743021428 -4.79082110112744 -4.69321822320484 -4.69904734095693 -4.67471545072464 -4.75327156411903 -5.07295526845367 -5.51130362030788 -5.11817161298753 -5.07531321301424 -4.93009362647242 -4.44852135801753 -2.32527061997561 9999 9999 9999 9999 9999 9999 9999 9999 9999 9999 9999 9999 9999 9999 9999 9999 9999 9999 9999 9999 9999 9999
9999 9999 9999 9999 9999 9999 9999 9999 9999 9999 9999 9999 -0.680368661100826 -2.4272112062256 -3.95991668586254 -4.62018677866858 -4.77319119450755 -4.89210863822768 -4.83940193323604 -4.8435888664247 -4.86772359221833 -4.79050830560285 -4.85077493748571 -5.72391680733362 -4.97314171409074 -5.14784978956444 -4.3948677371279 -2.52562014674466 -1.39628785315752 9999 9999 9999 9999 9999 9999 9999 9999 9999 9999 9999 9999 9999 9999 9999 9999 9999 9999 9999 9999 9999 9999
9999 9999 9999 9999 9999 9999 9999 9999 9999 9999 9999 9999 -0.972027501134474 -3.00346781114793 -4.00701413133832 -4.63160290261755 -4.85927245438527 -4.95289702107136 -4.95668923448953 -4.92800500713049 -5.02488370557669 -4.91931242828711 -4.90672441234347 -5.64251069423427 -5.43343566123047 -4.85707784740166 -3.19061258467376 -1.73894197526744 9999 9999 9999 9999 9999 9999 9999 9999 9999 9999 9999 9999 9999 9999 9999 9999 9999 9999 9999 9999 9999 9999 9999
9999 9999 9999 9999 9999 9999 9999 9999 9999 9999 9999 9999 -1.40591051745141 -3.40481530170907 -3.9115856377937 -4.60667765970893 -4.99319989945713 -5.01365681317217 -5.04728050505827 -5.02156324742993 -5.04874082625585 -5.02627525488134 -5.08150124047864 -5.74851231363389 -4.49208757029938 -3.28050245732422 -2.09362504662279 -1.29570407111163 9999 9999 9999 9999 9999 9999 9999 9999 9999 9999 9999 9999 9999 9999 9999 9999 9999 9999 9999 9999 9999 9999 9999
9999 9999 9999 9999 9999 9999 9999 9999 9999 9999 9999 -0.859375425151167 -2.0331930770271 -3.38242363663625 -3.81757893956538 -4.69013579121455 -5.08025078488083 -5.10648656959451 -5.10183643132679 -5.13806436870151 -5.09728968726833 -5.08658973904813 -5.12393805491847 -5.42041259038461 -4.93748729199433 -2.51668297505315 -1.58184685255969 -0.872120018000013 9999 9999 9999 9999 9999 9999 9999 9999 9999 9999 9999 9999 9999 9999 9999 9999 9999 9999 9999 9999 9999 9999 9999
9999 9999 9999 9999 9999 9999 9999 9999 9999 9999 9999 -1.09157913020702 -2.4402993098834 -3.18215172457528 -3.76968474317793 -4.40855197765201 -5.10352465425582 -5.17036851477292 -5.22 -5.20272293040039 -5.20132348447263 -5.14815759542091 -5.14562985616847 -5.79670372167126 -4.42782583613582 -2.16789140410224 -1.14504944417586 9999 9999 9999 9999 9999 9999 9999 9999 9999 9999 9999 9999 9999 9999 9999 9999 9999 9999 9999 9999 9999 9999 9999 9999
9999 9999 9999 9999 9999 9999 9999 9999 9999 9999 -1.22612795011596 -1.92134325320406 -2.77571365618457 -3.44401650800684 -4.01577157456018 -4.54329934660716 -5.07800851481894 -5.20588445942143 -5.21777331422419 -5.26703715650777 -5.19285390961886 -5.23852353373051 -5.25716551718509 -5.77436363768636 -3.80056645060544 -1.68890439014798 -0.981428607104337 9999 9999 9999 9999 9999 9999 9999 9999 9999 9999 9999 9999 9999 9999 9999 9999 9999 9999 9999 9999 9999 9999 9999 9999
9999 9999 9999 9999 9999 9999 9999 9999 9999 9999 -1.7146942983073 -2.96524425260433 -3.43532926591423 -3.76862213046736 -4.19947396711124 -4.67632642848313 -5.0756059355761 -5.23100924360493 -5.26675494818969 -5.29180644019778 -5.2443896936518 -5.30687266395571 -5.3198187849717 -5.18439213993449 -2.76723238649344 -1.05641984926119 -1.0089374312112 9999 9999 9999 9999 9999 9999 9999 9999 9999 9999 9999 9999 9999 9999 9999 9999 9999 9999 9999 9999 9999 9999 9999 9999
9999 9999 9999 9999 9999 9999 9999 9999 9999 -1.29731166667128 -2.57354131660134 -3.16304469810363 -3.71739795793845 -3.73220729115363 -4.37288804883672 -4.76963227310286 -4.97982939910723 -5.2802998248216 -5.31532690143044 -5.28446245523318 -5.32532368580767 -5.37 -5.90461256836434 -4.35063638157371 -2.17025510765821 -1.10764976919486 -1.03644625531807 9999 9999 9999 9999 9999 9999 9999 9999 9999 9999 9999 9999 9999 9999 9999 9999 9999 9999 9999 9999 9999 9999 9999 9999
9999 9999 9999 9999 9999 9999 9999 9999 9999 -1.4674934572712 -2.86520138381741 -3.56196861546461 -3.89146757859918 -4.15205676982568 -4.52195859662992 -4.91870505242881 -5.1153156105307 -5.32822215109733 -5.33951854546338 -5.35919162952435 -5.37660265507392 -5.64659819341836 -5.7514295589667 -3.53173233343766 -1.65201810340855 9999 9999 9999 9999 9999 9999 9999 9999 9999 9999 9999 9999 9999 9999 9999 9999 9999 9999 9999 9999 9999 9999 9999 9999 9999 9999
9999 9999 9999 9999 9999 9999 9999 9999 9999 -2.06946130764602 -3.28501715049419 -4.19354233335732 -4.29439507824139 -4.40516597643002 -4.84739003156618 -5.10970972128323 -5.27166657951465 -5.3854927756075 -5.34312793257314 -5.37 -6.05343039731212 -5.82129073489301 -4.58032448642301 -2.3087759811904 9999 9999 9999 9999 9999 9999 9999 9999 9999 9999 9999 9999 9999 9999 9999 9999 9999 9999 9999 9999 9999 9999 9999 9999 9999 9999 9999
9999 9999 9999 9999 9999 9999 9999 9999 9999 -2.6352976429172 -3.74191066860183 -4.24224191371659 -4.56594900255627 -4.71936428417408 -5.04295119169656 -5.14760854171604 -5.40593165234502 -5.49433049731366 -5.4090918944008 -5.43436984432966 -5.94171941627763 -5.23181125627988 -3.39617767957547 -1.76165556925342 9999 9999 9999 9999 9999 9999 9999 9999 9999 9999 9999 9999 9999 9999 9999 9999 9999 9999 9999 9999 9999 9999 9999 9999 9999 9999 9999
9999 9999 9999 9999 9999 9999 9999 9999 -2.17415223190931 -3.35576434402418 -4.00676170180435 -4.40777328820555 -4.77675417443575 -5.00778943182451 -5.17497237128396 -5.49544055610708 -5.53870533135964 -5.52753885803666 -5.49197295627896 -6.24807399113856 -5.59841583372522 -3.98197416492201 -2.53037216887268 9999 9999 9999 9999 9999 9999 9999 9999 9999 9999 9999 9999 9999 9999 9999 9999 9999 9999 9999 9999 9999 9999 9999 9999 9999 9999 9999 9999
9999 9999 9999 9999 9999 9999 9999 9999 -2.61290909822626 -3.34341587302876 -4.22556761181313 -4.48063026220597 -4.89795596362541 -5.21153254969583 -5.39789134006871 -5.59382167492423 -5.62371333641424 -5.55401429225514 -5.5179686303603 -6.37691825807657 -5.2767185631913 -3.80594401292829 -2.33243526020528 9999 9999 9999 9999 9999 9999 9999 9999 9999 9999 9999 9999 9999 9999 9999 9999 9999 9999 9999 9999 9999 9999 9999 9999 9999 9999 9999 9999
9999 9999 9999 9999 9999 9999 9999 9999 -2.62013469269847 -3.31488993953642 -4.42307248223541 -4.63777508547557 -5.01644696082882 -5.17552675361537 -5.44648490728256 -5.66049808414316 -5.74236434596784 -5.57164009646145 -5.66715511423016 -6.44172204901784 -5.23356846608259 -3.25859107595031 -1.78215319154594 9999 9999 9999 9999 9999 9999 9999 9999 9999 9999 9999 9999 9999 9999 9999 9999 9999 9999 9999 9999 9999 9999 9999 9999 9999 9999 9999 9999
9999 9999 9999 9999 9999 9999 9999 -1.75923356732427 -2.51971117217612 -3.37558976866726 -4.66434720574523 -5.03240135823468 -5.27726918398586 -5.30450064430005 -5.49017303111671 -5.62647178144634 -5.72523710035242 -5.77105513996958 -5.76370757681508 -6.19304907442867 -4.84674465909472 -2.41188349316389 -1.31503219296808 9999 9999 9999 9999 9999 9999 9999 9999 9999 9999 9999 9999 9999 9999 9999 9999 9999 9999 9999 9999 9999 9999 9999 9999 9999 9999 9999 9999
9999 9999 9999 9999 9999 9999 9999 -1.43196190426257 -2.71072095179495 -3.37218857032343 -4.61142749393441 -5.2186832749502 -5.36763485356985 -5.48465161765591 -5.5336951814497 -5.70658697295043 -5.79940206072777 -5.87162433242771 -6.13689261949288 -6.17604333525286 -4.14210811939406 -1.80147487857419 9999 9999 9999 9999 9999 9999 9999 9999 9999 9999 9999 9999 9999 9999 9999 9999 9999 9999 9999 9999 9999 9999 9999 9999 9999 9999 9999 9999 9999
9999 9999 9999 9999 9999 9999 9999 -1.62917656350776 -2.86089456519206 -3.69113814571895 -4.85154572212777 -5.38030996008167 -5.63091950623772 -5.69687652803042 -5.77724817331351 -5.77700370679422 -5.80581784176722 -5.87117547589528 -6.46422934109653 -5.20211903044381 -3.61426912305321 -1.66161651878652 9999 9999 9999 9999 9999 9999 9999 9999 9999 9999 9999 9999 9999 9999 9999 9999 9999 9999 9999 9999 9999 9999 9999 9999 9999 9999 9999 9999 9999
9999 9999 9999 9999 9999 9999 9999 -2.00017500912901 -3.36729102956037 -4.47589808527582 -5.19300242232903 -5.50605540370717 -5.81935722975002 -5.90470696368723 -5.9247672917785 -5.832211737104 -5.97845599801704 -6.16760391620275 -6.57163584331318 -5.30165380612359 -3.37618178948733 -1.33464604624343 9999 9999 9999 9999 9999 9999 9999 9999 9999 9999 9999 9999 9999 9999 9999 9999 9999 9999 9999 9999 9999 9999 9999 9999 9999 9999 9999 9999 9999
9999 9999 9999 9999 9999 9999 9999 -2.37381237610427 -3.32940297239075 -4.59249900183459 -5.35562533248542 -5.53594547854642 -5.78267567823834 -5.96755166956772 -6.04740599732276 -5.97500233586577 -6.02993850506039 -6.05844657012754 -5.94271878682425 -4.70043579837718 -2.72329889590864 -1.30838174278043 9999 9999 9999 9999 9999 9999 9999 9999 9999 9999 9999 9999 9999 9999 9999 9999 9999 9999 9999 9999 9999 9999 9999 9999 9999 9999 9999 9999 9999
9999 9999 9999 9999 9999 9999 9999 -2.43631511546046 -3.75569456052768 -4.9124224692065 -5.43329175352018 -5.63075500934086 -5.80985894684112 -5.9616075536903 -6.03261023230561 -6.08444391198043 -6.10582466134235 -6.74660203081314 -5.85307992007564 -4.07149184040161 -2.87144829072376 -1.46479527754706 9999 9999 9999 9999 9999 9999 9999 9999 9999 9999 9999 9999 9999 9999 9999 9999 9999 9999 9999 9999 9999 9999 9999 9999 9999 9999 9999 9999 9999
9999 9999 9999 9999 9999 9999 -2.13222716611048 -2.84832816127719 -3.87807254132051 -5.07792460244624 -5.54277959511769 -5.74249621869628 -5.92741546827951 -6.09485812045112 -6.10906556575681 -6.03012162690072 -6.12323607454896 -6.79272743800422 -5.9042211260188 -3.47451779606919 -2.42153934396612 -1.5985449202498 9999 9999 9999 9999 9999 9999 9999 9999 9999 9999 9999 9999 9999 9999 9999 9999 9999 9999 9999 9999 9999 9999 9999 9999 9999 9999 9999 9999 9999
9999 9999 9999 9999 9999 9999 -2.23517563266975 -3.34348505957455 -4.26637373878874 -5.18978089107771 -5.67305041525937 -5.86859698421348 -6.09964846722905 -6.17456158002056 -6.17824103251938 -6.18794517538903 -6.31306567385406 -6.42758182438421 -5.78999769033875 -2.81673435336186 -1.65076857219075 9999 9999 9999 9999 9999 9999 9999 9999 9999 9999 9999 9999 9999 9999 9999 9999 9999 9999 9999 9999 9999 9999 9999 9999 9999 9999 9999 9999 9999 9999
9999 9999 9999 9999 9999 9999 -2.34169965360567 -3.60289117412448 -4.6852661815317 -5.33823246186007 -5.69528639375366 -5.87699533646094 -6.1374086075169 -6.21536041938591 -6.22095960131308 -6.28121293278877 -6.20766168829242 -6.83685494633692 -5.85602591063221 -2.9922413337284 -1.9982721163423 9999 9999 9999 9999 9999 9999 9999 9999 9999 9999 9999 9999 9999 9999 9999 9999 9999 9999 9999 9999 9999 9999 9999 9999 9999 9999 9999 9999 9999 9999
9999 9999 9999 9999 9999 9999 -2.45496255929777 -3.59685821190599 -4.62688143385616 -5.26491379202893 -5.64375900566419 -5.94099320895697 -6.1128018395937 -6.22375266538709 -6.1877276563241 -6.38478867816455 -6.22909690541408 -6.55058848203675 -5.35504216708947 -2.42511921772902 -2.13202175904504 9999 9999 9999 9999 9999 9999 9999 9999 9999 9999 9999 9999 9999 9999 9999 9999 9999 9999 9999 9999 9999 9999 9999 9999 9999 9999 9999 9999 9999 9999
9999 9999 9999 9999 9999 9999 -2.72009969564348 -3.76291643540857 -4.87469716886661 -5.25576811417978 -5.80731046415781 -5.98433951350058 -6.13859115385366 -6.24810534330083 -6.41873256231292 -6.43870922487116 -6.29359071345233 -6.34543727208403 -4.69299544830941 -2.72499175351102 -2.06413769642934 9999 9999 9999 9999 9999 9999 9999 9999 9999 9999 9999 9999 9999 9999 9999 9999 9999 9999 9999 9999 9999 9999 9999 9999 9999 9999 9999 9999 9999 9999
9999 9999 9999 9999 9999 9999 -2.98970974770823 -3.9131769737535 -4.67805622198183 -5.09342450347459 -5.55723904423005 -5.91784838312263 -6.10563264358723 -6.25354506705518 -6.31017093778362 -6.59378720047542 -6.95203017806918 -6.23679890538006 -4.26616895055051 -2.11725887029567 -1.89349876932517 9999 9999 9999 9999 9999 9999 9999 9999 9999 9999 9999 9999 9999 9999 9999 9999 9999 9999 9999 9999 9999 9999 9999 9999 9999 9999 9999 9999 9999 9999
9999 9999 9999 9999 9999 -1.70378908587003 -2.91462049013856 -3.96692706998885 -4.49331179249053 -5.05833615552819 -5.47559030076442 -5.85381659242108 -6.09605472279074 -6.30797758096917 -6.43057252726745 -6.44495263588803 -6.48950886460112 -5.38187203813705 -3.80213333459042 -2.04082116532716 -1.72285984222101 9999 9999 9999 9999 9999 9999 9999 9999 9999 9999 9999 9999 9999 9999 9999 9999 9999 9999 9999 9999 9999 9999 9999 9999 9999 9999 9999 9999 9999 9999
9999 9999 9999 9999 9999 -1.84869989493406 -3.11928994826665 -3.9562568412691 -4.55954227542123 -5.11692462669945 -5.473549715828 -5.8691300120864 -6.05063644172894 -6.32211185738096 -6.46358931363076 -6.35008297055498 -6.35929041535321 -5.36992676067426 -3.44535129529736 -1.89009129999719 9999 9999 9999 9999 9999 9999 9999 9999 9999 9999 9999 9999 9999 9999 9999 9999 9999 9999 9999 9999 9999 9999 9999 9999 9999 9999 9999 9999 9999 9999 9999
9999 9999 9999 9999 9999 -2.0075468640627 -3.20371791577781 -4.21454706994054 -4.81044340085708 -5.23208437728441 -5.85833859548403 -5.9982336387663 -6.07152358484551 -6.47944077720329 -6.39079999828511 -7.08211057409007 -6.36162676921638 -5.28145444336955 -3.05507000021702 -1.69076255638124 9999 9999 9999 9999 9999 9999 9999 9999 9999 9999 9999 9999 9999 9999 9999 9999 9999 9999 9999 9999 9999 9999 9999 9999 9999 9999 9999 9999 9999 9999 9999
9999 9999 9999 9999 9999 -2.41816856958219 -3.37667627054443 -4.62739528863041 -5.27836949198824 -5.70067756918102 -5.89691221325557 -6.06 -6.16204743147356 -6.48076288068505 -6.41679135829556 -6.90255008829755 -7.00048472423636 -5.25874608019931 -2.71603195211551 -1.69242878600132 9999 9999 9999 9999 9999 9999 9999 9999 9999 9999 9999 9999 9999 9999 9999 9999 9999 9999 9999 9999 9999 9999 9999 9999 9999 9999 9999 9999 9999 9999 9999
9999 9999 9999 9999 9999 -2.44776598963155 -3.82003400188297 -4.87202392274319 -5.52855757163406 -5.85830913578277 -5.99173620000773 -6.14886388512932 -6.24123098018569 -6.59654517980956 -6.40421593909574 -6.64635712120342 -7.18161375061949 -5.61962902009426 -2.64370115796086 -1.70859249943244 9999 9999 9999 9999 9999 9999 9999 9999 9999 9999 9999 9999 9999 9999 9999 9999 9999 9999 9999 9999 9999 9999 9999 9999 9999 9999 9999 9999 9999 9999 9999
9999 9999 9999 9999 9999 -2.62165806658426 -3.93363093354813 -4.87979064913292 -5.69268071190027 -5.96128759564813 -6.10717918376334 -6.28397130786465 -6.3408493886967 -6.5419817332995 -6.47018755322051 -6.5974948374723 -7.22659622589925 -5.90233410208088 -2.93567431187537 -1.75371905299189 9999 9999 9999 9999 9999 9999 9999 9999 9999 9999 9999 9999 9999 9999 9999 9999 9999 9999 9999 9999 9999 9999 9999 9999 9999 9999 9999 9999 9999 9999 9999
9999 9999 9999 9999 9999 -3.0253429913423 -4.06731278897578 -5.19602615550723 -6.04471616915105 -6.17028211567667 -6.23699010565988 -6.43659615480254 -6.45920610686422 -6.70060905526912 -6.64454620717889 -6.65658431633634 -7.22577206309366 -6.06314048207813 -2.94351621540109 -1.79884560655133 9999 9999 9999 9999 9999 9999 9999 9999 9999 9999 9999 9999 9999 9999 9999 9999 9999 9999 9999 9999 9999 9999 9999 9999 9999 9999 9999 9999 9999 9999 9999
9999 9999 9999 9999 -1.64947041564724 -3.17482409644235 -4.38362358972804 -5.75654883120399 -6.12913103011473 -6.2962571048798 -6.36138907857202 -6.49827598792788 -6.63155887998425 -6.71482019586538 -6.70255153390839 -6.73993525714297 -7.23734663363781 -5.97264899151181 -3.35620583675377 -1.84397216011078 9999 9999 9999 9999 9999 9999 9999 9999 9999 9999 9999 9999 9999 9999 9999 9999 9999 9999 9999 9999 9999 9999 9999 9999 9999 9999 9999 9999 9999 9999 9999
9999 9999 9999 9999 -1.76565427019566 -3.16786168815973 -4.50532283603641 -5.76663538766796 -6.1686396710575 -6.33759567530776 -6.44093002462985 -6.505599274841 -6.64203151388697 -6.73215212249744 -6.81 -6.7793285183314 -7.17418274211093 -5.98784618063599 -2.58824397739922 -1.37477061008177 9999 9999 9999 9999 9999 9999 9999 9999 9999 9999 9999 9999 9999 9999 9999 9999 9999 9999 9999 9999 9999 9999 9999 9999 9999 9999 9999 9999 9999 9999 9999
9999 9999 9999 9999 -1.81617230297124 -3.08964871032147 -4.5340941662553 -5.70277953674148 -6.23094515604086 -6.4212774402831 -6.57085302172321 -6.66172168913557 -6.70895827961273 -6.90006214668283 -6.79892009751105 -7.20669327244275 -6.72632575749395 -5.78733364190083 -2.46589954396158 -0.799542555518096 9999 9999 9999 9999 9999 9999 9999 9999 9999 9999 9999 9999 9999 9999 9999 9999 9999 9999 9999 9999 9999 9999 9999 9999 9999 9999 9999 9999 9999 9999 9999
9999 9999 9999 9999 -2.19450129302852 -3.66960621683227 -5.22640873060834 -5.82149442461089 -6.28699084534473 -6.4584101640113 -6.69499668774583 -6.82362861551128 -7.09403456350926 -6.85847606643973 -6.88222119456606 -7.67668841442917 -6.65470957201335 -4.79086133485397 -2.44583455547556 9999 9999 9999 9999 9999 9999 9999 9999 9999 9999 9999 9999 9999 9999 9999 9999 9999 9999 9999 9999 9999 9999 9999 9999 9999 9999 9999 9999 9999 9999 9999 9999
9999 9999 9999 9999 -2.63212493978389 -3.54612791591006 -5.2298579629071 -5.81226592326319 -6.16929336402167 -6.5095841774127 -6.66694957935006 -6.85399861393608 -6.9645647046382 -6.92843756982544 -7.16937438792777 -7.42072966183659 -5.83052884769783 -4.31481208472705 -2.14903513764354 9999 9999 9999 9999 9999 9999 9999 9999 9999 9999 9999 9999 9999 9999 9999 9999 9999 9999 9999 9999 9999 9999 9999 9999 9999 9999 9999 9999 9999 9999 9999 9999
9999 9999 9999 9999 -2.86737945682195 -3.89506397907942 -5.42870423224409 -5.74339447847554 -6.15816237510438 -6.39049216674829 -6.43624044009592 -6.71252404083838 -6.94971740465571 -7.19765366126417 -7.79669103254907 -6.78434868830081 -5.59370105949924 -3.82261117444013 -2.09595499930686 9999 9999 9999 9999 9999 9999 9999 9999 9999 9999 9999 9999 9999 9999 9999 9999 9999 9999 9999 9999 9999 9999 9999 9999 9999 9999 9999 9999 9999 9999 9999 9999
9999 9999 9999 -2.1284095496368 -3.40012801723572 -4.60756588161319 -5.49220892453136 -6.12607762749432 -6.17152199948041 -6.84901185986375 -6.6087624847236 -6.73532576734944 -7.04996773918506 -7.75199166641045 -7.61575109267599 -6.66494254249111 -5.49403961698649 -3.4217978875661 -1.79581815973373 9999 9999 9999 9999 9999 9999 9999 9999 9999 9999 9999 9999 9999 9999 9999 9999 9999 9999 9999 9999 9999 9999 9999 9999 9999 9999 9999 9999 9999 9999 9999 9999
9999 9999 9999 -2.96784502440811 -3.68611886609447 -4.8259687011271 -5.98519301782352 -5.52916542262895 -5.78535700436855 -6.14424878444778 -6.97475759689626 -6.95592672504462 -7.27657512408144 -7.69470300126253 -6.87556492299294 -6.78800110817321 -5.70129838105127 -3.32309394508947 -1.95964553146446 9999 9999 9999 9999 9999 9999 9999 9999 9999 9999 9999 9999 9999 9999 9999 9999 9999 9999 9999 9999 9999 9999 9999 9999 9999 9999 9999 9999 9999 9999 9999 9999
9999 9999 -2.39209334223154 -3.08098692081584 -5.08294727760464 -5.06516252191928 -5.22741120338788 -5.48096229535461 -5.94149333201092 -6.46087112070421 -6.95349802074608 -6.98725228581281 -7.13086200219297 -7.14891942126742 -6.92303846642273 -6.90102005617844 -5.96971764792199 -4.39351652838445 -2.01793017973094 9999 9999 9999 9999 9999 9999 9999 9999 9999 9999 9999 9999 9999 9999 9999 9999 9999 9999 9999 9999 9999 9999 9999 9999 9999 9999 9999 9999 9999 9999 9999 9999
9999 9999 -2.72812908738835 -3.78852604027682 -5.14290278195766 -4.49356274043797 -4.84012001889264 -5.35309236657434 -5.80628377844671 -6.77949432529834 -7.11893928940022 -7.13827698560761 -7.37791227053845 -7.30646182856438 -7.15044089306962 -7.09082022742854 -6.49932071454506 -4.40434746157994 -2.06372451223611 9999 9999 9999 9999 9999 9999 9999 9999 9999 9999 9999 9999 9999 9999 9999 9999 9999 9999 9999 9999 9999 9999 9999 9999 9999 9999 9999 9999 9999 9999 9999 9999
9999 -2.31365482009122 -3.04585860149202 -4.32714636849414 -4.11898940778596 -4.39756240748738 -4.72765924190656 -5.34783500007474 -5.80063350794888 -6.28056038430119 -6.63109359725924 -7.03021476787236 -8.16730467809813 -7.50517619160669 -7.3345371687586 -7.08996744755779 -6.69753050244965 -4.7309619833254 -2.48900742145037 9999 9999 9999 9999 9999 9999 9999 9999 9999 9999 9999 9999 9999 9999 9999 9999 9999 9999 9999 9999 9999 9999 9999 9999 9999 9999 9999 9999 9999 9999 -0.72455063564915 9999
9999 -2.06546896580471 -3.09663833448085 -3.68529767483383 -4.04125431587636 -4.17981782227813 -4.45540373725576 -4.96247701589644 -5.48109308745595 -5.91557728977935 -6.37271346405657 -7.01119912758807 -7.26959461027605 -8.20207637839921 -7.39849620330288 -7.2996739873393 -7.02593424354918 -5.1409310218136 -2.96100614625935 9999 9999 9999 9999 9999 9999 9999 9999 9999 9999 9999 9999 9999 9999 9999 9999 9999 9999 9999 9999 9999 9999 9999 9999 9999 9999 9999 9999 9999 -1.28125904590666 9999 9999
9999 -2.78053699903784 -3.54502841030272 -3.84799660849538 -3.51010093098133 -3.697314389249 -3.98170104034867 -4.39249189954982 -4.84679144584 -5.45005692918179 -5.93489601201356 -6.60801604883536 -7.09301629194195 -7.575008525963 -7.37433675547633 -7.32922497729521 -7.29903558190849 -5.91446913125998 -3.81864652433127 -2.06346618249584 9999 9999 9999 9999 9999 9999 9999 9999 9999 9999 9999 9999 9999 9999 9999 9999 9999 9999 9999 9999 9999 9999 9999 9999 9999 9999 -2.38678613684124 -2.1265116128857 -1.99111499250588 9999 9999
9999 -1.83947084952113 -2.22912175911944 -2.38370354964584 -2.82660179299625 -3.35448316956163 -3.72697047225099 -4.03772758667946 -4.55084390248137 -5.03643960480483 -5.67198280320031 -6.0539426928872 -6.76303805419383 -7.09451128881874 -7.50013109461242 -7.59352564684282 -7.53362864433944 -6.55645101308414 -4.3389113806363 -2.86779572390195 9999 9999 9999 9999 9999 9999 -1.77306301933381 -1.835733525063 -1.54284655208541 9999 9999 9999 9999 9999 9999 9999 9999 9999 9999 9999 9999 9999 9999 9999 -2.85086593771959 -3.4092814223509 -2.72810911030428 -2.29892316238785 -1.29940517497705 9999 9999
9999 -1.5653963252451 -1.79722432958772 -2.03774810302458 -2.38989321992388 -2.69414996014208 -2.84581011801042 -3.73996526970793 -4.19247406518931 -4.67435585045581 -5.13509836539166 -5.36770959844528 -6.03570577666549 -6.64238608506639 -7.31550206135657 -8.10298520974115 -8.27523694460307 -7.0883172164727 -6.44917319289318 -4.65631306484604 -3.35476496270416 9999 9999 -2.35559803420783 -2.36627622780306 -2.44651840693722 -2.47218022908911 -2.4565749483762 -2.00047615356892 -1.76080522460267 9999 9999 9999 9999 9999 9999 9999 9999 9999 9999 9999 9999 -3.6033404746658 -3.36168894196145 -3.41007077175843 -3.25531484183605 -2.89928716450072 -1.66198003946511 -1.4365830853615 9999 9999
9999 -1.05548014255715 -1.40357408597772 -1.66756145856781 -2.00334243051089 -2.3586962027179 -2.76858412689253 -3.48073299210863 -4.00618575432256 -4.36823607452881 -4.84070945001819 -5.17238883685715 -5.54180434501316 -6.37503219988577 -6.81190389691762 -7.57066459186717 -8.08878385632216 -8.34595984510012 -7.35917912160938 -6.49102165639257 -5.34442226909846 -4.46238475430566 -4.51990369648222 -4.03330251251201 -3.39786075595436 -3.22308721991977 -3.0148320380875 -2.81173391027512 -2.32910144324118 -2.03098022916524 -1.55221428070414 -1.62315797309125 9999 9999 9999 9999 9999 9999 9999 9999 -3.39521569235356 -3.96954271456584 -4.06487102928557 -4.25997897382215 -4.01711665428315 -3.18754330258522 -2.4423601537063 -1.75413863697681 -0.942278546420684 9999 9999
9999 -1.12571396208969 -0.937738827834351 -1.3158593299984 -1.77331844269437 -2.24599043341134 -2.63084886767121 -3.0465454305613 -3.61281635122939 -4.11088321137077 -4.56901333399937 -4.77652170079385 -5.18719720565965 -5.70447957780989 -6.44823150273784 -7.36647697241453 -7.96217498632437 -8.22233950667546 -7.65304581408343 -7.61440393409919 -6.82926721217433 -5.74368671427617 -5.23816899199699 -4.65682232503917 -4.08461159367645 -3.73442355608225 -3.47706241983389 -3.62046870423911 -3.26464485450281 -2.72197362709334 -2.59611870811722 -2.52878951259065 -3.1511865180759 -3.14872146092907 9999 9999 9999 -2.90649371023834 -3.86928791310788 -4.24570201727074 -5.51173423373969 -5.26074781142906 -4.80681591373841 -4.5087902657381 -3.39215119304301 9999 -1.77612144792128 -1.22133666420294 -0.808553938080168 -0.870625589544844 9999
9999 9999 9999 -0.935786415199497 -1.61247444069953 -2.11493930277011 -2.44628908721274 -2.87322375731299 -3.28396642634313 -3.71475923828152 -4.28276330428892 -4.78169391040528 -5.36758933339017 -5.91258132345236 -6.37721842712184 -6.90701768065413 -7.96640605653305 -8.22935294121022 -7.8391761016921 -7.72389696550041 -7.49262059893174 -6.58232183556955 -5.88271005948904 -5.10706610050204 -4.50127571738963 -4.1072435860375 -3.87792430698057 -4.0927978680706 -4.19044388425292 -3.92575735669293 -3.71197130568753 -3.78026753398432 -4.18411253396539 -4.52098971056174 -4.47693844134341 -4.06690661928925 -3.82203037968413 -4.09736403280605 -5.09202971035474 -5.01602982456572 -5.03845548823958 -4.72084797286055 -4.19441819902622 -3.99539972477004 -2.62227720975436 9999 9999 -1.07236980233988 -0.797174421860854 9999 9999
9999 9999 9999 -0.808907868341447 -1.13033684124929 -1.76289965141085 -2.13397689553304 -2.67316671339025 -3.25826543557876 -3.80184179921524 -4.30642212305566 -5.08866476785699 -5.57993342373792 -6.06707620826517 -6.55997611810376 -7.19099026308441 -7.7025370532975 -8.83004413892818 -7.94086689731 -7.86700582377495 -7.56227871739433 -7.17398890237562 -6.52556476859996 -5.1831816807399 -4.74673240895864 -4.23866640997047 -4.28446823514729 -4.38063129697139 -4.35385210148017 -4.32602845304252 -4.53573376513394 -4.78202773836657 -4.88186257049004 -5.35506323519413 -5.74301261586542 -5.23703466097657 -5.00244881069357 -5.20775761596247 -5.68987079074197 -6.13013414288758 -4.99268550222241 -4.52790320075969 -4.27532709302311 -2.93994324067412 9999 9999 9999 -1.04801779827438 -0.82102033578746 9999 9999
9999 9999 9999 9999 -1.01210679110476 -1.53696672817528 -1.97139753215409 -2.53767624533954 -3.08378172840778 -3.695318923351 -4.3508678863954 -5.11619943183155 -5.84304637774114 -6.13199015713725 -6.76192371114616 -7.38553534194564 -7.83527417183754 -8.88797763564041 -8.13474338791016 -7.9178796777906 -7.67546164126675 -7.33238805985721 -5.83421295009734 -4.96318342987427 -4.32371371966125 -4.123060690826 -4.42648207261694 -4.86388136646251 -4.70224774294342 -4.80982765967377 -5.53970947179958 -5.69620557837994 -5.78243377942291 -6.14359741648079 -6.16815579562394 -5.99087851380244 -5.71062818617971 -6.26819558546128 -6.03154529604112 -5.16687201859086 -4.77188573396773 -4.0162798433988 9999 9999 9999 9999 9999 9999 9999 9999 9999
9999 9999 9999 9999 -0.716363294391324 -1.53792304218543 -1.95278175722397 -2.57673879893766 -2.95050694018869 -3.57829377714497 -4.41567939555674 -5.12163211830398 -5.67644764116274 -6.13840020445673 -7.06887104174308 -7.75286246406035 -8.12114815631923 -8.87527756729155 -8.30987529261707 -8.02584070651522 -8.14561555379863 -7.36902277642525 -5.97225832144914 -4.6685880314688 -4.38492804448633 -4.63670773985961 -4.68711440923107 -5.0988162796737 -5.53449016320565 -5.91666600081493 -6.15475997885873 -6.3618953302837 -6.45142122344937 -6.60245662789951 -6.57576003374994 -6.98112876912305 -6.54210866267858 -6.14637703728537 -5.68359290693184 -4.93065861667876 -4.19853553583239 -3.35829009419443 9999 9999 9999 9999 9999 9999 9999 9999 9999
9999 9999 9999 9999 -0.935963187752055 -1.36693901513211 -2.04184334383669 -2.66401494767141 -2.99469414271078 -3.58402001622833 -4.81588168015671 -5.41791075621046 -5.99732134557555 -6.82409701138593 -7.3912632757225 -7.88384191680043 -8.16181394904012 -9.05342153310306 -8.49507828174555 -8.36752353883592 -8.00384626782576 -6.87089612600913 -6.50755651056008 -5.54686927113176 -5.07795296162928 -4.99454246970909 -4.82475044939176 -5.45255062302645 -6.3387014322373 -6.54847665651942 -6.5868453711323 -6.72624505861721 -6.93163231460167 -7.18462327332443 -7.31022726878422 -6.79805907008691 -6.36850741831564 -5.96056991310264 -5.06405838571127 -4.68270990834021 -4.12035616402976 -2.5024423142845 9999 9999 9999 9999 9999 9999 9999 9999 9999
9999 9999 9999 9999 -0.925759053523522 -1.26246158302741 -2.02735137207263 -2.80444481594968 -3.55755476027085 -4.01761429986189 -4.66856110931905 -5.490797180156 -6.04464677327553 -6.64393983670226 -7.63683821451856 -7.82200850123936 -8.18990081857252 -8.28630050647379 -9.00983817144842 -8.6052103207213 -8.27569040427221 -8.21729968777738 -7.50778459919064 -6.63968377511535 -6.54025426120075 -5.67137549742691 -5.91754209283344 -6.66186273108128 -6.6769500393674 -6.79470821197699 -6.86558317907034 -7.32545566807089 -7.50161749159688 -7.37948734588787 -7.24585356454543 -6.94128070424672 -6.13600552033742 -5.46044431915482 -4.34491518808073 -3.74638873472605 -2.99718320412538 -2.32792934333376 -1.44009152785154 9999 9999 9999 9999 9999 9999 9999 9999
9999 9999 9999 9999 -0.915554919294989 -1.22776101243139 -1.9759837217728 -2.84915242908412 -3.512737634118 -4.45291147080351 -5.1955782646266 -5.70422165295917 -6.09028345402559 -6.72454519667733 -7.30048925871969 -7.7751764440224 -8.24602206471084 -8.35320506793566 -8.63863310313422 -9.2498086560595 -8.89808711096513 -8.73926743698578 -8.57540503643386 -7.75867902774076 -7.13702948359982 -6.29492244792502 -6.83169759857353 -7.08601675323123 -7.14510358735556 -6.95279097781668 -7.25634773024754 -7.61584751777075 -7.6941374402251 -7.62282397691562 -7.4176878797686 -6.84698766648185 -6.15890949634481 -5.00099703905488 -3.78809028246148 -2.7017385224707 -1.45033655496323 -2.55616957830093 9999 9999 9999 9999 9999 9999 9999 9999 9999
9999 9999 9999 9999 -0.784947392119861 -1.37778474382479 -2.12465019776989 -3.31176373205325 -4.16251231872537 -4.66720827012665 -5.17523862373383 -5.72820696752009 -6.43709180992973 -6.86856002410344 -7.30777082747232 -7.80075138304058 -8.25707134961106 -8.33129596565305 -8.54212781488168 -8.68524428618322 -9.01261728211407 -9.07082345551988 -8.84426902314751 -8.65066817962034 -8.22271622245159 -7.85304326549208 -7.82519557308892 -7.63730278644594 -7.36293463569982 -6.94062822696267 -7.19171937626508 -7.48777274060779 -8.03299216282643 -7.63248260452209 -7.68566032220741 -6.97107357243215 -6.07715464508582 -4.67936982681918 -3.40260591045817 -2.18588880255169 -1.49318523088701 -1.99337578325628 9999 9999 9999 9999 9999 9999 9999 9999 9999
9999 9999 9999 9999 9999 -1.32204635662662 -2.26321455534713 -3.44224595690105 -3.92427709865853 -4.56283141826142 -5.02120605338789 -5.48342570006954 -6.32392077166013 -6.42169476067704 -7.06741627997669 -7.65333412570416 -8.00687403087954 -8.25306221455597 -8.67992209755261 -8.76712669369257 -8.81436936265977 -9.33216710977188 -9.14291640381963 -8.97112498278586 -8.77129625352235 -8.69062553269731 -8.49123904934017 -8.31487463799102 -7.80903169530651 -7.44922261523676 -7.1928567916766 -7.52220982618 -7.97421629588725 -8.02233441392339 -7.87315864261211 -6.86307017321743 -5.83093783763361 -4.51146807029797 -3.17128317562774 -1.87321167605405 9999 9999 9999 9999 9999 9999 9999 9999 9999 9999 9999
9999 9999 9999 9999 9999 -0.910679303635826 -2.09010002561045 -3.20942498759216 -3.40946111363713 -3.76259125181218 -4.39900730441325 -4.66825558420381 -4.40514129130254 -4.79869086815723 -5.77388255019875 -6.57705843884403 -7.06202021549605 -8.20530818407585 -8.66197575199899 -8.82014168664165 -8.86092237079066 -8.89622254943483 -9.44130417096758 -9.30957589561808 -8.98353085123761 -8.79741487271608 -8.69867928678801 -8.44834640192635 -8.13856543547119 -7.95207208247677 -7.97499432293932 -8.09773725134572 -8.42845629107798 -8.39093563535532 -7.73355056541425 -6.07794181089792 -5.19624462487319 -3.86060843778582 -2.69498987300589 9999 9999 9999 9999 9999 9999 9999 9999 9999 9999 9999 9999
9999 9999 9999 9999 9999 9999 -1.06377571200259 -1.72629400658277 -3.13044503483634 -3.69590004121015 -3.81205124714895 -2.81521839851291 -3.03690430561865 -3.68859643376632 -3.97114028654561 -4.40217752414385 -5.44922235790132 -7.5205052046224 -8.69425278025033 -8.87038464776249 -8.95547782759614 -8.94109083346384 -9.08705812947928 -9.46848421430368 -9.29239364767853 -9.21790022634168 -9.03598983931429 -8.67530205389799 -8.43208204028378 -8.45755055533907 -8.30697895363604 -8.72519442076213 -8.85464976199583 -8.46909441308842 -7.40625142786519 -5.44302509154076 -4.62454541188675 -3.40734819826376 -2.14851212331845 -2.38694629505329 9999 9999 9999 9999 9999 9999 9999 9999 9999 9999 9999
9999 9999 9999 9999 9999 9999 9999 -1.35234440577992 -1.92288442760059 -1.19619594491815 -1.65362405316671 -1.83710780973848 -1.90479824710227 -2.00595984945632 -2.67479176789126 -3.68752056770609 -4.22630820888021 -4.97183975490047 -6.35666883783094 -8.82379942387663 -8.97976443648043 -9.01588708948654 -9.02666089641397 -9.09393256339231 -9.4810911881228 -9.52920519715146 -9.58086792639236 -9.32809953007109 -8.74710981899082 -8.66069338049799 -8.92358038842769 -8.94354276139454 -9.05060431409052 -8.51086443721678 -7.12293079814775 -4.90819031372983 -4.50435760779558 -3.48055436775892 -2.5073107558158 -1.75643620762741 9999 9999 9999 9999 9999 9999 9999 9999 9999 9999 9999
9999 9999 9999 9999 9999 9999 9999 9999 9999 9999 9999 -1.69348784780885 -1.77500432966644 -1.66841080811994 -1.70963066361635 -2.05421951160677 -2.77065812023637 -4.11836369876441 -4.86390931550932 -6.19445213075882 -8.19245658326504 -8.9956981317824 -9.17758309199686 -9.14878347901565 -9.17132110029406 -9.24004895578924 -9.31620499969602 -9.48916692793753 -9.67579032303593 -9.21528953192689 -9.12246375215422 -9.26995285284006 -8.89381064850188 -8.66421462573818 -7.4456079358493 -5.69324152437638 -4.43191869615142 -3.73272224180597 -2.38376097039656 9999 9999 9999 9999 9999 9999 9999 9999 9999 9999 9999 9999
9999 9999 9999 9999 9999 9999 9999 9999 9999 9999 9999 9999 9999 9999 -1.71495454940672 -1.61454442796047 -1.31295762848315 -1.90619530014078 -3.30891624958477 -5.29179568499447 -6.2292664393959 -8.5812883171063 -9.02905008337668 -9.10373335502364 -9.23647937210078 -9.23879759964237 -9.27970594727731 -9.40362929712276 -9.66938136555231 -6.92602287742628 -9.39706661018421 -9.48071516403008 -9.29623913142654 -8.91303525206079 -7.97129818685904 -6.24958279951939 -5.60797676734472 -4.52443705570153 -2.7891247729488 -1.0660186248339 9999 9999 9999 9999 9999 9999 9999 9999 9999 9999 9999
9999 9999 9999 9999 9999 9999 9999 9999 9999 9999 9999 9999 9999 9999 9999 9999 -1.67788469565073 -1.560678047801 -1.66788487241867 -2.66907767947519 -5.53334844006021 -7.08373944798488 -8.10917312399257 -9.13213782087272 -9.27100574532318 -9.13304243644914 -9.29917436051642 -9.47708689104982 -9.55905165631158 -9.641989719521 -9.93225358088079 -9.49463859538843 -9.47230418844153 -9.30232301752001 -7.96478262948965 -7.23023537169037 -6.48749772986509 -4.88801071045787 -3.26375362187688 -1.80910111345807 -1.17627951476382 9999 9999 9999 9999 9999 9999 9999 9999 9999 9999
9999 9999 9999 9999 9999 9999 9999 9999 9999 9999 9999 9999 9999 9999 9999 9999 9999 9999 -1.64081484189409 -1.50779300750831 -2.88781699724373 -5.25119915551543 -5.77163632788271 -7.32863955542273 -8.63158659786731 -9.40281688026065 -9.45611997315215 -9.55549274380106 -9.63724848493121 -9.64510112033855 -9.83558104043954 -9.74417793652779 -9.62887037050962 -9.54631274489032 -9.26898331578204 -7.97015901874733 -7.0898644216973 -5.93185219086933 -4.71171584252113 -2.82958472429376 -1.45958123149016 9999 9999 9999 9999 9999 9999 9999 9999 9999 9999
9999 9999 9999 9999 9999 9999 9999 9999 9999 9999 9999 9999 9999 9999 9999 9999 9999 9999 9999 9999 -1.6037449881381 -2.74145581196951 -5.07963566676427 -5.44527886504594 -6.99016265234008 -8.14034543988149 -9.22279521462928 -9.54553234073243 -9.63738205031688 -9.64087932230058 -9.65880645125038 -9.99716392532079 -9.91865148552835 -9.85630095449122 -9.58306113922139 -8.7412461741024 -7.93912470712243 -7.11936741405731 -5.76851141940018 -4.29737515288923 -2.25781781488106 -1.3179936050198 9999 9999 9999 9999 9999 9999 9999 9999 9999
9999 9999 9999 9999 9999 9999 9999 9999 9999 9999 9999 9999 9999 9999 9999 9999 9999 9999 9999 9999 9999 -1.53799041796931 -2.78074528667987 -4.3465172635888 -5.51988010665911 -7.37757195907233 -8.36849402684144 -9.52222069960459 -9.66428571448095 -9.64153346287334 -9.70026874413549 -9.77322370652928 -10.1088369573842 -10.0417376860252 -9.86135492165123 -9.73201740124244 -9.10189279464119 -7.73578489791504 -6.84945803529873 -5.56852795425177 -4.17341590440561 -2.2538131923113 9999 9999 9999 9999 9999 9999 9999 9999 9999
9999 9999 9999 9999 9999 9999 9999 9999 9999 9999 9999 9999 9999 9999 9999 9999 9999 9999 9999 9999 9999 9999 -1.43000736496846 -2.72273976614138 -4.1200848608435 -6.93446493662397 -8.21827258876256 -9.40065651641791 -9.71711621170824 -9.72241667715503 -9.85039489026929 -10.0582612006619 -10.0680169392173 -10.1771615934256 -10.1585715706435 -10.0659163744403 -9.65548063749984 -8.83661916139306 -7.65632987008749 -7.21722703176162 -5.74967321178291 -4.20300693024664 -2.71943188460726 9999 9999 9999 9999 9999 9999 9999 9999
9999 9999 9999 9999 9999 9999 9999 9999 9999 9999 9999 9999 9999 9999 9999 9999 9999 9999 9999 9999 9999 9999 -1.17478034768607 -1.54244274763198 -2.82424808783873 -6.40144382068323 -7.58031872597379 -9.05645241880843 -9.65143503232357 -9.68902961999609 -9.76 -9.86326784579626 -10.0029828473554 -10.2218535828129 -10.2105236347907 -9.8654794110412 -9.73987613739685 -9.1197184229889 -8.83246579707306 -7.74653449783768 -6.84800259605361 -5.04695655071091 -3.84533351202823 -2.77049126529714 -1.78941717651396 9999 9999 9999 9999 9999 9999
9999 9999 9999 9999 9999 9999 9999 9999 9999 9999 9999 9999 9999 9999 9999 9999 9999 9999 9999 9999 9999 9999 9999 -1.30731111111519 -1.87398922154243 -4.66664714648411 -7.24124372008888 -8.69209609236407 -9.55222214302066 -9.77204337061913 -9.87000485003357 -9.93329508970487 -9.97678612122565 -10.1071760316528 -10.1634661947517 -10.1380677543791 -10.0091023669155 -9.54239972978038 -9.39294928998857 -8.65955036574844 -7.39724133625384 -5.90884556053763 -4.65090071557702 -3.58863803830108 -2.21026285254452 -0.402620317017788 9999 9999 9999 9999 9999
9999 9999 9999 9999 9999 9999 9999 9999 9999 9999 9999 9999 9999 9999 9999 9999 9999 9999 9999 9999 9999 9999 9999 -1.23645895123247 -1.75148288772828 -3.22414687738075 -5.85305028862952 -8.14031716241934 -8.98574508619044 -9.57289245300756 -9.88149757790068 -9.77239219578583 -9.63062196814158 -9.80215235340806 -9.61329467598288 -9.93283164781436 -8.38823244750849 -9.76195298253283 -9.38915019685716 -8.84200598053967 -7.2413683598364 -6.23878459783514 -5.08951748493774 -3.81893500217038 -2.26784686406747 9999 9999 9999 9999 9999 9999
9999 9999 9999 9999 9999 9999 9999 9999 9999 9999 9999 9999 9999 9999 9999 9999 9999 9999 9999 9999 9999 9999 9999 9999 -2.79151041589455 -4.08938601128424 -6.97388400843556 -7.79271766690189 -8.18482421270256 -9.36075300122334 -9.6908952535129 -9.86669301088119 -9.82428340705244 -9.92367151650718 -9.81915656691049 -10.0633051810338 -10.2793374724758 -9.88057356117239 -9.11064432465869 -8.8599084222939 -7.36022590819593 -6.25236931705096 -5.70446539242329 -3.38270510678466 -1.92331515404278 9999 9999 9999 9999 9999 9999
9999 9999 9999 9999 9999 9999 9999 9999 9999 9999 9999 9999 9999 9999 9999 9999 9999 9999 9999 9999 9999 9999 9999 9999 -3.13650622785504 -5.64220867168055 -6.76520017284522 -7.44304790417533 -7.71647146801593 -8.17943711309167 -8.97085504170923 -9.46536090213445 -9.82917388508116 -9.9797625761068 -9.67488650580633 -8.97151685594079 -8.71926596304636 -7.92332730548365 -6.19938502388431 -6.14958502447966 -5.53261701656445 -3.88019295236233 -3.3837387319694 -2.30979882867099 -1.05576725209963 9999 9999 9999 9999 9999 9999
9999 9999 9999 9999 9999 9999 9999 9999 9999 9999 9999 9999 9999 9999 9999 9999 9999 9999 9999 9999 9999 9999 9999 9999 9999 -3.65744695767616 -4.56100425300397 -5.96423673807568 -6.23695157763273 -6.77276630093225 -7.11770727809121 -7.90306910858309 -7.53821018551253 -8.19920573787695 -7.74496573931499 -7.31714249998686 -6.70496942117549 -5.60846184433383 -4.33536643485843 -3.99797661455629 -3.25017012390491 -2.08220470328856 -1.03301812124622 9999 9999 9999 9999 9999 9999 9999 9999
9999 9999 9999 9999 9999 9999 9999 9999 9999 9999 9999 9999 9999 9999 9999 9999 9999 9999 9999 9999 9999 9999 9999 9999 9999 -1.42840040973383 -2.23693867202551 -2.61990435321878 -3.43961808142112 -3.30225727326889 -4.83552458182603 -6.75874406270507 -6.85551756272675 -6.17515854747583 -5.59102337704827 -4.60780322566092 -4.05845418117478 -4.05250784304948 -1.51046935741067 -1.25247373910537 9999 9999 9999 9999 9999 9999 9999 9999 9999 9999 9999
9999 9999 9999 9999 9999 9999 9999 9999 9999 9999 9999 9999 9999 9999 9999 9999 9999 9999 9999 9999 9999 9999 9999 9999 9999 9999 9999 -1.01243791609865 -1.32287309090806 -1.36251612806736 -2.11769501524118 -3.76371206735278 -3.91565924995661 -3.17464875477357 -2.49612873860682 -1.7977735105217 -1.92457829055164 -0.695269816920072 9999 9999 9999 9999 9999 9999 9999 9999 9999 9999 9999 9999 9999
9999 9999 9999 9999 9999 9999 9999 9999 9999 9999 9999 9999 9999 9999 9999 9999 9999 9999 9999 9999 9999 9999 9999 9999 9999 9999 9999 9999 9999 -0.397577134316026 -0.864913661235956 -1.66063400355203 -1.65382302084761 -1.02783279591916 -0.748489517168073 9999 9999 9999 9999 9999 9999 9999 9999 9999 9999 9999 9999 9999 9999 9999 9999
9999 9999 9999 9999 9999 9999 9999 9999 9999 9999 9999 9999 9999 9999 9999 9999 9999 9999 9999 9999 9999 9999 9999 9999 9999 9999 9999 9999 9999 9999 9999 9999 9999 9999 9999 9999 9999 9999 9999 9999 9999 9999 9999 9999 9999 9999 9999 9999 9999 9999 9999