    11
 'File surf_map.txt'
 'Contains the i,j -> n relationship between the non-land bathymetry'
 'cells in the bathymetry file bathymetry/FCR_10m.dat'
 'and the sparse data (1D) vector representation of 3D space in ELCOM.'
 'The i values (first column) are the rows and the j values (second '
 'column) are the columns in the bathymetry file.'
 'The third column is the n position in the sparse data vector.'
 'The first data line following this header has only one element,'
 'giving the number of sparse data points in the surface.'
 'The second data line following this header has three elements,'
 'giving the number of rows, columns, and slices in this file.'
  1105
   833       3       1
    54       2       1
    55       2       2
    56       2       3
    57       2       4
    58       2       5
    59       2       6
    60       2       7
    40       3       8
    41       3       9
    42       3      10
    43       3      11
    44       3      12
    45       3      13
    46       3      14
    47       3      15
    48       3      16
    49       3      17
    50       3      18
    51       3      19
    52       3      20
    53       3      21
    54       3      22
    55       3      23
    56       3      24
    57       3      25
    58       3      26
    59       3      27
    60       3      28
    61       3      29
    62       3      30
    63       3      31
    64       3      32
    65       3      33
    66       3      34
    40       4      35
    41       4      36
    42       4      37
    43       4      38
    44       4      39
    45       4      40
    46       4      41
    47       4      42
    48       4      43
    49       4      44
    50       4      45
    51       4      46
    52       4      47
    53       4      48
    54       4      49
    55       4      50
    56       4      51
    57       4      52
    58       4      53
    59       4      54
    60       4      55
    61       4      56
    62       4      57
    63       4      58
    64       4      59
    65       4      60
    66       4      61
    37       5      62
    38       5      63
    39       5      64
    40       5      65
    41       5      66
    42       5      67
    43       5      68
    44       5      69
    45       5      70
    46       5      71
    47       5      72
    48       5      73
    49       5      74
    50       5      75
    51       5      76
    52       5      77
    53       5      78
    54       5      79
    55       5      80
    56       5      81
    57       5      82
    58       5      83
    59       5      84
    60       5      85
    61       5      86
    62       5      87
    63       5      88
    64       5      89
    65       5      90
    66       5      91
    36       6      92
    37       6      93
    38       6      94
    39       6      95
    40       6      96
    41       6      97
    42       6      98
    43       6      99
    44       6     100
    45       6     101
    46       6     102
    47       6     103
    48       6     104
    49       6     105
    50       6     106
    51       6     107
    52       6     108
    53       6     109
    54       6     110
    55       6     111
    56       6     112
    57       6     113
    58       6     114
    59       6     115
    60       6     116
    61       6     117
    62       6     118
    63       6     119
    64       6     120
    65       6     121
    66       6     122
    26       7     123
    27       7     124
    28       7     125
    29       7     126
    30       7     127
    31       7     128
    32       7     129
    33       7     130
    34       7     131
    35       7     132
    36       7     133
    37       7     134
    38       7     135
    39       7     136
    40       7     137
    41       7     138
    42       7     139
    43       7     140
    44       7     141
    45       7     142
    46       7     143
    47       7     144
    48       7     145
    49       7     146
    50       7     147
    51       7     148
    52       7     149
    53       7     150
    54       7     151
    55       7     152
    56       7     153
    57       7     154
    58       7     155
    59       7     156
    60       7     157
    61       7     158
    62       7     159
    63       7     160
    64       7     161
    65       7     162
    66       7     163
    25       8     164
    26       8     165
    27       8     166
    28       8     167
    29       8     168
    30       8     169
    31       8     170
    32       8     171
    33       8     172
    34       8     173
    35       8     174
    36       8     175
    37       8     176
    38       8     177
    39       8     178
    40       8     179
    41       8     180
    42       8     181
    43       8     182
    44       8     183
    45       8     184
    46       8     185
    47       8     186
    48       8     187
    49       8     188
    50       8     189
    51       8     190
    52       8     191
    53       8     192
    54       8     193
    55       8     194
    56       8     195
    57       8     196
    58       8     197
    59       8     198
    60       8     199
    61       8     200
    62       8     201
    63       8     202
    64       8     203
    65       8     204
    66       8     205
    23       9     206
    24       9     207
    25       9     208
    26       9     209
    27       9     210
    28       9     211
    29       9     212
    30       9     213
    31       9     214
    32       9     215
    33       9     216
    34       9     217
    35       9     218
    36       9     219
    37       9     220
    38       9     221
    39       9     222
    40       9     223
    41       9     224
    42       9     225
    43       9     226
    44       9     227
    45       9     228
    46       9     229
    47       9     230
    48       9     231
    49       9     232
    50       9     233
    51       9     234
    52       9     235
    53       9     236
    54       9     237
    55       9     238
    56       9     239
    57       9     240
    58       9     241
    59       9     242
    60       9     243
    61       9     244
    62       9     245
    63       9     246
    64       9     247
    65       9     248
    66       9     249
    22      10     250
    23      10     251
    24      10     252
    25      10     253
    26      10     254
    27      10     255
    28      10     256
    29      10     257
    30      10     258
    31      10     259
    32      10     260
    33      10     261
    34      10     262
    35      10     263
    36      10     264
    37      10     265
    38      10     266
    39      10     267
    40      10     268
    41      10     269
    42      10     270
    43      10     271
    44      10     272
    45      10     273
    46      10     274
    47      10     275
    48      10     276
    49      10     277
    50      10     278
    51      10     279
    52      10     280
    53      10     281
    54      10     282
    55      10     283
    56      10     284
    57      10     285
    58      10     286
    59      10     287
    60      10     288
    61      10     289
    62      10     290
    63      10     291
    64      10     292
    65      10     293
    66      10     294
    67      10     295
    14      11     296
    15      11     297
    16      11     298
    17      11     299
    18      11     300
    19      11     301
    20      11     302
    21      11     303
    22      11     304
    23      11     305
    24      11     306
    25      11     307
    26      11     308
    27      11     309
    28      11     310
    29      11     311
    30      11     312
    31      11     313
    32      11     314
    33      11     315
    34      11     316
    35      11     317
    36      11     318
    37      11     319
    38      11     320
    39      11     321
    40      11     322
    41      11     323
    42      11     324
    43      11     325
    44      11     326
    46      11     327
    58      11     328
    59      11     329
    60      11     330
    61      11     331
    62      11     332
    63      11     333
    64      11     334
    65      11     335
    66      11     336
    67      11     337
    68      11     338
    69      11     339
    70      11     340
    71      11     341
    72      11     342
    14      12     343
    15      12     344
    16      12     345
    17      12     346
    18      12     347
    19      12     348
    20      12     349
    21      12     350
    22      12     351
    23      12     352
    24      12     353
    25      12     354
    26      12     355
    27      12     356
    28      12     357
    29      12     358
    30      12     359
    31      12     360
    32      12     361
    33      12     362
    34      12     363
    35      12     364
    36      12     365
    37      12     366
    38      12     367
    39      12     368
    40      12     369
    41      12     370
    42      12     371
    43      12     372
    58      12     373
    59      12     374
    60      12     375
    61      12     376
    62      12     377
    63      12     378
    64      12     379
    65      12     380
    66      12     381
    67      12     382
    68      12     383
    69      12     384
    70      12     385
    71      12     386
    72      12     387
    11      13     388
    12      13     389
    13      13     390
    14      13     391
    15      13     392
    16      13     393
    17      13     394
    18      13     395
    19      13     396
    20      13     397
    21      13     398
    22      13     399
    23      13     400
    24      13     401
    25      13     402
    26      13     403
    27      13     404
    28      13     405
    29      13     406
    30      13     407
    31      13     408
    32      13     409
    33      13     410
    34      13     411
    35      13     412
    36      13     413
    37      13     414
    38      13     415
    39      13     416
    57      13     417
    58      13     418
    59      13     419
    60      13     420
    61      13     421
    62      13     422
    63      13     423
    64      13     424
    65      13     425
    66      13     426
    67      13     427
    68      13     428
    69      13     429
    70      13     430
    71      13     431
    72      13     432
    10      14     433
    11      14     434
    12      14     435
    13      14     436
    14      14     437
    15      14     438
    16      14     439
    17      14     440
    18      14     441
    19      14     442
    20      14     443
    21      14     444
    22      14     445
    23      14     446
    24      14     447
    25      14     448
    26      14     449
    27      14     450
    28      14     451
    29      14     452
    30      14     453
    31      14     454
    32      14     455
    33      14     456
    34      14     457
    35      14     458
    36      14     459
    37      14     460
    38      14     461
    39      14     462
    57      14     463
    58      14     464
    59      14     465
    60      14     466
    61      14     467
    62      14     468
    63      14     469
    64      14     470
    65      14     471
    66      14     472
    67      14     473
    68      14     474
    69      14     475
    70      14     476
    71      14     477
    72      14     478
     8      15     479
     9      15     480
    10      15     481
    11      15     482
    12      15     483
    13      15     484
    14      15     485
    15      15     486
    16      15     487
    17      15     488
    18      15     489
    19      15     490
    20      15     491
    21      15     492
    22      15     493
    23      15     494
    24      15     495
    25      15     496
    26      15     497
    27      15     498
    28      15     499
    29      15     500
    30      15     501
    31      15     502
    32      15     503
    33      15     504
    34      15     505
    35      15     506
    58      15     507
    59      15     508
    60      15     509
    61      15     510
    62      15     511
    63      15     512
    64      15     513
    65      15     514
    66      15     515
    67      15     516
    68      15     517
    69      15     518
    70      15     519
    71      15     520
    72      15     521
     7      16     522
     8      16     523
     9      16     524
    10      16     525
    11      16     526
    12      16     527
    13      16     528
    14      16     529
    15      16     530
    16      16     531
    17      16     532
    18      16     533
    19      16     534
    20      16     535
    21      16     536
    22      16     537
    23      16     538
    24      16     539
    25      16     540
    26      16     541
    27      16     542
    28      16     543
    29      16     544
    30      16     545
    31      16     546
    32      16     547
    33      16     548
    34      16     549
    58      16     550
    59      16     551
    60      16     552
    61      16     553
    62      16     554
    63      16     555
    64      16     556
    65      16     557
    66      16     558
    67      16     559
    68      16     560
    69      16     561
    70      16     562
    71      16     563
    72      16     564
     5      17     565
     6      17     566
     7      17     567
     8      17     568
     9      17     569
    10      17     570
    11      17     571
    12      17     572
    13      17     573
    14      17     574
    15      17     575
    16      17     576
    17      17     577
    18      17     578
    19      17     579
    20      17     580
    21      17     581
    22      17     582
    23      17     583
    24      17     584
    25      17     585
    26      17     586
    27      17     587
    28      17     588
    29      17     589
    30      17     590
    31      17     591
    32      17     592
    58      17     593
    59      17     594
    60      17     595
    61      17     596
    62      17     597
    63      17     598
    64      17     599
    65      17     600
    66      17     601
    67      17     602
    68      17     603
    69      17     604
    70      17     605
    71      17     606
    72      17     607
     5      18     608
     6      18     609
     7      18     610
     8      18     611
     9      18     612
    10      18     613
    11      18     614
    12      18     615
    13      18     616
    14      18     617
    15      18     618
    16      18     619
    17      18     620
    18      18     621
    19      18     622
    20      18     623
    21      18     624
    22      18     625
    23      18     626
    24      18     627
    25      18     628
    26      18     629
    27      18     630
    28      18     631
    29      18     632
    30      18     633
    31      18     634
    58      18     635
    59      18     636
    60      18     637
    61      18     638
    62      18     639
    63      18     640
    64      18     641
    65      18     642
    66      18     643
    67      18     644
    68      18     645
    69      18     646
    70      18     647
    71      18     648
    72      18     649
     5      19     650
     6      19     651
     7      19     652
     8      19     653
     9      19     654
    10      19     655
    11      19     656
    12      19     657
    13      19     658
    14      19     659
    15      19     660
    16      19     661
    17      19     662
    18      19     663
    19      19     664
    20      19     665
    21      19     666
    22      19     667
    23      19     668
    24      19     669
    25      19     670
    26      19     671
    27      19     672
    28      19     673
    58      19     674
    59      19     675
    60      19     676
    61      19     677
    62      19     678
    63      19     679
    64      19     680
    65      19     681
    66      19     682
    67      19     683
    68      19     684
    69      19     685
    70      19     686
    71      19     687
    72      19     688
     4      20     689
     5      20     690
     6      20     691
     7      20     692
     8      20     693
     9      20     694
    10      20     695
    11      20     696
    12      20     697
    13      20     698
    14      20     699
    15      20     700
    16      20     701
    17      20     702
    18      20     703
    19      20     704
    20      20     705
    21      20     706
    22      20     707
    23      20     708
    24      20     709
    25      20     710
    26      20     711
    27      20     712
    28      20     713
    58      20     714
    59      20     715
    60      20     716
    61      20     717
    62      20     718
    63      20     719
    64      20     720
    65      20     721
    66      20     722
    67      20     723
    68      20     724
    69      20     725
    70      20     726
    71      20     727
    72      20     728
     2      21     729
     3      21     730
     4      21     731
     5      21     732
     6      21     733
     7      21     734
     8      21     735
     9      21     736
    10      21     737
    11      21     738
    12      21     739
    13      21     740
    14      21     741
    15      21     742
    16      21     743
    17      21     744
    18      21     745
    19      21     746
    20      21     747
    21      21     748
    22      21     749
    23      21     750
    24      21     751
    58      21     752
    59      21     753
    60      21     754
    61      21     755
    62      21     756
    63      21     757
    64      21     758
    65      21     759
    66      21     760
    67      21     761
    68      21     762
    69      21     763
    70      21     764
    71      21     765
    72      21     766
     2      22     767
     3      22     768
     4      22     769
     5      22     770
     6      22     771
     7      22     772
     8      22     773
     9      22     774
    10      22     775
    11      22     776
    12      22     777
    13      22     778
    14      22     779
    15      22     780
    16      22     781
    17      22     782
    18      22     783
    19      22     784
    20      22     785
    21      22     786
    22      22     787
    23      22     788
    24      22     789
    58      22     790
    59      22     791
    60      22     792
    61      22     793
    62      22     794
    63      22     795
    64      22     796
    65      22     797
    66      22     798
    67      22     799
    68      22     800
    69      22     801
    70      22     802
    71      22     803
    72      22     804
     2      23     805
     3      23     806
     4      23     807
     5      23     808
     6      23     809
     7      23     810
     8      23     811
     9      23     812
    57      23     813
    58      23     814
    59      23     815
    60      23     816
    69      23     817
    70      23     818
    71      23     819
     2      24     820
     3      24     821
     4      24     822
     5      24     823
     6      24     824
     7      24     825
     8      24     826
    56      24     827
    57      24     828
    58      24     829
    59      24     830
    60      24     831
    70      24     832
    71      24     833
